αβάφτιστος	-1.4	0.0	0 0 0 0
Χριστός	-2.4	0	-0.5 -0.5 -0.5 -1
α 	-0.82	0.0	0 0 0 0
αβάπτιστος	-1.4	0.0	0 0 0 0
αβεβαιότητα	-1.55	0.0	0 -1 0 -1
αγάμητος	-3.17	0	-1 -1 -1 -1
αγανάκτηση	-3.68	0	-1 -1 -1 -1
αγανακτώ	-3.68	0	-1 -1 -1 -1
αγάπη	3.85	0.0	1 1 1 1
αγαπημένος -η -ο	3.87	0.0	1 1 1 1
αγαπητός -ή -ό	3.81	0.0	1 1 1 1
αγαπώ	3.81	0.0	1 1 1 1
άγγελος 	2.81	0.5773502691896257	1 0.5 1 0
αγέλη	-3.64	0	-1 -1 -1 0
αγευσία	-1.65	0.0	0 0 -1 0
αγκουσεύω	-3.51	0	-1 -1 -1 -1
αγνός -ή -ό	3.34	0.0	0.5 1 1 1
αγορεύω	-2.51	0	-1 -1 -1 0
αγρίεμα	-4.0	0	-1 -1 -1 -1
αγριεύω	-4.0	0	-1 -1 -1 -1
αγροτοπατέρας	-3.08	0	-1 -1 -1 -1
άγχος	-3.04	0	-1 -1 -1 -1
αγωνία	-1.95	0	-0.5 -1 -1 -0.5
αγωνιώ	-1.95	0	-0.5 -1 -1 -0.5
αδειάζω 	-2.55	0	-1 -1 -1 -0.5
άδειασμα	-2.55	0	-1 -1 -1 -0.5
άδειος -α -ο	-1.97	0.0	-1 0 0 -1
αδελφάτο	-2.46	0	-0.5 -1 -1 -1
αδελφή	1.12	0.0	1 0.5 1 -1
αδελφικός -ή -ό	2.98	0.5	1 0 1 1
αδελφός	2.98	0.0	1 1 1 1
αδελφοσύνη	2.93	0.0	1 1 1 1
αδελφούλης	3.32	0.0	1 1 1 1
αδερφός	2.98	0.0	1 1 1 1
αδερφούλης	3.32	0.0	1 1 1 1
αδιάθετος  -η -ο	-1.44	0.0	0 0 0 -1
αδιάλυτος -η -ο	-1.76	0.0	-1 0 -1 0
αδιάντροπος -η -ο	-3.51	0	-1 -1 -1 -1
αδιαφορία	-3.08	0	-1 -1 -1 -1
άδολος -η -ο	2.46	0.5	1 0 1 1
αέρας	0.27	0.0	0 0 0 0
αεροβατώ	-1.91	0	-1 0 -1 -1
αηδής -ής -ές	-3.49	0	-1 -1 -1 -1
αηδία	-3.34	0	-1 -1 -1 -1
αηδιάζω	-3.38	0	-1 -1 -1 -1
άθλος	3.55	0.0	1 1 1 1
αιδημοσύνη	-2.87	0	-1 -1 -1 -0.5
αιδώς	-3.1	0	-1 -1 -1 -0.5
αίμα	-2.72	0	-1 0 -1 -0.5
αιρεσιάρχης	-2.72	0.0	-1 0 -1 0
αισθάνομαι	-0.91	0.0	0 0 0 0
αισθαντικός -ή -ό	2.55	0.0	1 1 1 0.5
αισθαντικότητα	2.55	0.0	1 1 1 0.5
αίσθημα	-0.91	0.0	0 0 0 0
αισθηματίας	1.8	0	0.5 1 0.5 0.5
αισθηματικός -ή -ό	2.66	0.0	1 0.5 1 0.5
αισθηματικότητα	2.61	0.0	1 0.5 1 0.5
αισθηματισμός	-1.53	0	-1 -0.5 -1 -0.5
αισθηματολογία	-1.46	0	-1 -0.5 -1 -0.5
αισθηματολόγος -α -ο	-1.59	0	-1 0 -1 -0.5
αισθηματολογώ	-1.63	0	-1 0 -1 -0.5
αίσθηση	-0.33	0.0	0 0 0 0
αισθητήριος -α -ο	0.31	0.0	0 0 0 0
αισθητικός -ή -ό	2.83	0.5	1 0 1 1
αιώνιος	0.65	0.5773502691896257	0 0 1 -1
ακαδημαϊκός	0.27	0.0	0 0 0 0
ακαλαισθησία	-2.81	0	-1 -1 -1 -1
ακαλαίσθητος -η -ο	-2.81	0	-1 -1 -1 -1
ακαλλιέργητος -η -ο	-2.98	0	-1 -1 -1 -1
άκαπνος	-1.4	0.0	-1 0 -1 0
άκαπνος	-0.8	0.0	0 0 -1 0
άκαρδος -η -ο	-3.38	0	-1 -1 -1 -1
ακατάσβεστος -η -ο	0.25	0.0	0 0 0 0
ακηδεμόνευτος	-2.25	0.0	-1 0 -1 0
ακόρεστος -η -ο	-1.74	0	-1 -0.5 -1 0
ακούραστος -η -ο	2.66	0.5	1 0 1 1
ακουστικός -ή -ό	2.29	0.5773502691896257	1 0 1 0
ακούω	1.12	0.5	1 0 0 0
ακτινοβόλος -ος / -α -ο	3.68	0.0	1 1 1 1
άλαλος -η -ο	-1.29	0	-1 -0.5 -0.5 -0.5
αλεπού	-1.59	0	-0.5 0 -1 -0.5
αλευρώνω	-1.76	0.0	-1 0 -1 0
αλητάκι	-3.19	0	-1 0 -1 -1
αλητάκος	-3.19	0	-1 0 -1 -1
αλητάμπουρας	-3.68	0	-1 -1 -1 -1
αληταράς	-3.98	0	-1 -1 -1 -1
αληταριό	-3.89	0	-1 -1 -1 -1
αλήτης	-3.57	0	-1 0 -1 -1
αλήτης	-3.57	0	-1 0 -1 -1
αλητοπαρέα	-3.47	0	-1 0 -1 -1
αλητοτουρίστας	-3.45	0	-1 -1 -1 -1
αλιεύω	-1.87	0.0	-1 0 -1 0
αλλά	0.27	0.0	0 0 0 0
αλλαξοκωλιά	-2.76	0	-1 0 -1 -1
αλλάχ	-1.85	0	-1 0 -1 -0.5
αλληθωρίζω	-1.91	0.0	-1 0 -1 0
αλλόπιστος	-2.4	0	-1 0 -1 -1
αλόγα	-2.78	0	-1 -1 -1 -1
αλογικός -ή -ό	-2.4	0	-1 0 -1 -1
αλογομούρης	-3.02	0	-1 -1 -1 -1
αλτρουιστικός -ή -ό	2.87	0.5	1 0 1 1
αλύπητος -η -ο	-2.68	0	-1 -0.5 -1 -1
αλυσίδα	-2.12	0.0	-1 0 -1 0
αλύτρωτος	-2.78	0	-1 0 -1 -1
αμάν	-3.91	0	-1 -0.5 -1 -1
αμίμητος	2.44	0.5773502691896257	1 0 1 0
αμοιβαίος -α -ο	2.44	0.5773502691896257	1 0 1 0
αμοιβαιότητα	2.51	0.5773502691896257	1 0 1 0
αμοιβή	0.16	0.0	0 0 0 0
αμφιθυμία	-2.12	0	-1 -0.5 -1 -0.5
ανάβω	-1.97	0	-0.5 -0.5 -1 0
αναγαλλιάζω	3.38	0.0	1 1 1 1
ανάθεμα	-3.49	0	-1 -1 -1 -1
αναιδής -ής -ές	-3.53	0	-1 -1 -1 -1
αναισθησία	-3.51	0	-1 -1 -1 -1
αναίσθητος -η -ο	-3.51	0	-1 -1 -1 -1
αναισχυντία	-3.04	0	-1 -1 -1 -1
αναίσχυντος -η -ο	-3.04	0	-1 -1 -1 -1
ανακάτεμα	-3.74	0	-1 -1 -1 -1
ανακατεύω	-3.3	0	-1 -1 -1 0
ανακράζω	-2.74	0	-1 -0.5 -1 -0.5
αναλαμβάνω	0.27	0.0	0 0 0 0
αναλγησία	-2.78	0	-1 -1 -1 0
αναλιγώνω	-1.87	0.0	-1 0 -1 0
ανάμεικτος -η -ο	-0.1	0.0	0 0 0 0
άναμμα	-1.91	0	-1 -0.5 -1 0
αναπηδώ	-1.7	0	-1 -0.5 -1 0
αναπλάθω	2.19	0.5773502691896257	1 0 1 0
ανάπλαση	2.19	0.5773502691896257	1 0 1 0
αναπτερώνω	3.59	0.0	1 1 1 1
αναριγώ	-3.59	0	-1 -1 -1 -1
αναρριπίζω	2.23	0.0	1 0.5 1 1
ανασκιρτώ	-0.63	0	-1 -0.5 -1 1
ανάστατος -η -ο	-2.91	0	-1 -0.5 -1 -1
αναστατώνω	-2.89	0	-1 -0.5 -1 -1
αναστάτωση	-2.89	0	-1 -0.5 -1 -1
αναστεναγμός	-2.17	0	-1 -0.5 -1 -0.5
ανασφάλεια	-3.19	0	-1 -1 -1 -1
ανατριχιάζω	-3.04	0	-1 -1 -1 -0.5
ανατριχίλα	-2.93	0	-1 -1 -1 -0.5
άναυδος -η -ο	-2.06	0	-0.5 -0.5 -1 -0.5
ανδραγάθημα	3.04	0.5	1 0 1 1
ανδρείκελο	-3.06	0	-1 -1 -1 -1
ανειλικρινής -ής -ές	-2.29	0	-1 0 -1 -1
ανεκδήλωτος -η -ο	-0.97	0.0	-0.5 0 -1 0
ανεκδιήγητος	-3.04	0	-1 -1 -1 -1
ανεκδοτολογία	-2.14	0	-1 -1 -1 0
ανέκφραστος -η -ο	-1.42	0	-1 0 -1 -0.5
ανελεήμονας	-3.27	0	-1 -1 -1 -1
ανελέητος -η -ο	-3.45	0	-1 -1 -1 -1
ανεμίζω	0.27	0.0	0 0 0 0
ανεντρόπιαστος -η -ο	-3.06	0	-1 -1 -1 -1
άνεση	2.38	0.5773502691896257	0.5 0 1 1
ανευθυνολογώ	-2.78	0	-1 -1 -1 -1
ανεύθυνος -η -ο	-3.19	0	-1 -1 -1 -1
ανθρωπάκι	-2.78	0	-1 -0.5 -1 -1
ανθρωπάκος	-2.78	0	-1 -0.5 -1 -1
ανθρωπιά	3.13	0.0	1 1 1 1
ανθρώπινος -η -ο	2.68	0.5	1 1 1 0
άνθρωπος	2.4	0.5773502691896257	1 0 1 0
ανθρωποφοβία	-3.19	0	-1 -1 -1 -1
ανία	-2.61	0	-1 -1 -1 -1
ανικανοποίητος -η -ο	-1.74	0	-1 0 -1 -0.5
ανόθευτος -η -ο	2.14	0.5773502691896257	1 0 1 0
άνοια	-2.51	0	-1 0 -1 -1
ανοίγω	0.27	0.0	0 0 0 0
ανορθώνω	1.76	0.5	0 0 0 1
άνοστος -η -ο	-2.78	0	-1 -1 -1 -1
ανταποκρίνομαι	2.61	0.5773502691896257	1 0 1 0
άντες	-2.29	0	-1 0 -1 -0.5
αντιαμερικανικός -ή -ό	-1.76	0.0	-1 0 -1 0
αντιγραφέας	-1.87	0.0	-1 0 -1 0
αντιπάθεια	-3.32	0	-1 -1 -1 -1
αντιπαθώ	-3.32	0	-1 -1 -1 -1
αντισημιτικός -ή -ό	-2.4	0.0	-1 0 -1 0
αντιστέκομαι	-0.95	0.7071067811865476	-1 0 -1 1
αντίχριστος	-3.55	0	-1 -1 -1 -1
ανυπόκριτος -η -ο	0.97	0.5773502691896257	1 0 -1 1
ανυπομονησία	2.21	0	0.5 1 0.5 0.5
ανυπομονώ	2.19	0	0.5 1 0.5 0.5
ανώριμος -η -ο	-2.83	0	-1 -1 -1 -1
ανώτερος -η -ο	2.51	0.5	1 0 1 1
ανωτερότητα	2.85	0.0	1 1 1 1
αξία	2.08	0.5773502691896257	1 0 1 0
αξιολάτρευτος -η -ο	3.55	0.0	1 1 1 1
αόριστος -η -ο	-1.33	0.0	-1 0 -1 0
απαγγέλλω	0.37	0.0	0 0 0 0
απαίσιος -α -ο	-3.42	0	-1 -1 -1 -1
απαλύνω	2.08	0.5	1 0 1 1
απανθρωπιά	-3.53	0	-1 -1 -1 -1
απανθρωποποίηση	-2.93	0	-1 0 -1 -1
απάνθρωπος -η -ο	-3.57	0	-1 -1 -1 -1
απαξάπαντες	-1.08	0.0	-0.5 0 -1 0
απελπισία	-3.32	0	-1 -1 -1 -1
απελπισμένος -η -ο	-3.34	0	-1 -1 -1 -1
απερίγραπτος -η -ο	-1.5	0	-0.5 0 -1 -0.5
απεχθάνομαι	-3.42	0	-1 -1 -1 -1
απέχθεια	-3.38	0	-1 -1 -1 -1
απήδηχτος	-2.93	0	-1 -0.5 -1 -1
απλός -ή -ό	1.27	0	0.5 0.5 0.5 1
απογοήτευση	-3.19	0	-1 -1 -1 -1
απογοητεύω	-3.1	0	-1 -1 -1 -1
αποδοκιμασία	-3.27	0	-1 -1 -1 -1
αποδώ	-2.19	0	-0.5 0 -1 -1
αποζητώ	0.2	0.5773502691896257	-1 0 1 0
αποζουρλαίνω	-1.65	0	-0.5 -0.5 -1 -1
απόλαυση	3.68	0.0	1 1 1 1
απολειφάδι	-3.04	0	-1 -1 -1 -1
απονάρκωση	-1.87	0.0	-1 0 -1 0
άπονος -η -ο	-2.91	0	-1 -1 -1 -1
αποπνέω	-0.05	0.0	0 0 0 0
απορφανίζω	-3.04	0	-1 0 -1 -1
αποσβολώνω	-0.25	0.0	0 0 0 0
απόσκατα	-3.81	0	-1 -1 -1 -1
αποστασιοποιούμαι	-1.44	0.0	-1 0 -1 0
αποστέρηση	-2.14	0	-1 0 -1 -1
αποστολή	0.27	0.0	0 0 0 0
αποστρέφομαι	-3.42	0	-1 -1 -1 -1
αποστροφή 	-3.42	0	-1 -1 -1 -1
αποτροπιασμός	-3.47	0	-1 -1 -1 -1
αποτυφλώνω	-2.12	0.0	-1 0 -1 0
απόφοιτος	0.27	0.0	0 0 0 0
αποφορτίζω	0.22	0.5773502691896257	0 0 -1 1
αποφόρτιση	0.22	0.5773502691896257	0 0 -1 1
αποχαιρετισμός	-2.36	0	-1 -1 -1 -1
απόχρωση	0.27	0.0	0 0 0 0
αποχωρισμός	-2.57	0	-1 -1 -1 -1
απροίκιστος	-2.29	0	-1 0 -1 -1
απτικός -ή -ό	0.27	0.0	0 0 0 0
απύθμενος -η -ο	-2.02	0	-1 0 -1 -0.5
απώθηση	-2.57	0	-1 -1 -1 0
απωθώ	-2.57	0	-1 -1 -1 0
αραμπάς	-1.76	0.0	-1 0 -1 0
αράπακλας	-3.23	0	-1 -1 -1 -1
αράπης	-3.17	0	-1 -1 -1 -1
αραπιά	-2.89	0	-1 0 -1 -1
αρβανίτης	-2.66	0	-1 0 -1 -1
αρβανίτικος	-2.66	0	-1 0 -1 -1
αρβύλα	-1.87	0	-1 0 -1 -1
αρειμάνιος	-2.7	0	-1 -1 -1 -1
αρέσκομαι	3.27	0.0	1 1 1 1
αρέσω	3.79	0.0	1 1 1 1
αριστοκράτης	-1.44	0.0	-1 0 -1 0
αριστοκρατία	-1.44	0.0	-1 0 -1 0
αριστοκράτισσα	-1.44	0.0	-1 0 -1 0
αρμονία	3.38	0.0	1 1 1 1
αρναούτης	-2.66	0	-1 0 -1 -1
αρναούτικος	-2.66	0	-1 0 -1 -1
αρρωστημένος	-3.57	0	-1 -1 -1 -1
άρρωστος	-3.36	0	-1 -1 -1 -1
αρρωστοφαγία	-2.87	0	-1 0 -1 -1
αρχαίος	-1.87	0.0	-1 0 -1 0
αρχαίος	-1.33	0.0	0 0 -1 0
αρχιδάτος	2.93	0.0	1 1 1 1
αρχίδι	-3.79	0	-1 -1 -1 -1
αρχίδι	-3.36	0	0 -1 -1 -1
αρχικλέφταρος	-3.32	0	-1 -1 -1 -1
αρχικλέφτης	-3.34	0	-1 -1 -1 -1
αρχιμασόνος	-2.87	0	-1 0 -1 -1
αρχιμαφιόζος	-3.34	0	-1 -1 -1 -1
αρχιτέκτονας	1.44	0.5	0 0 1 0
αρχιτεμπέλα	-3.04	0	-1 -1 -1 -1
αρχιτεμπέλης	-3.04	0	-1 -1 -1 -1
αρχιψεύτης	-3.17	0	-1 -1 -1 -1
αρχιψεύτρα	-3.17	0	-1 -1 -1 -1
αρχομανής	-2.89	0	-1 -1 -1 -1
αρχοντάνθρωπος	2.87	0.0	1 1 1 1
αρχοντο-	2.4	0.5773502691896257	1 0 1 0
ασάκια	1.7	0.5773502691896257	1 0 1 -1
άσβεστος -η -ο	-0.27	0.0	0 0 0 0
άσεμνος -η -ο	-2.29	0	-1 0 -1 -1
ασίγαστος -η -ο	-0.16	0.0	0 0 0 0
ασκέρι	-2.4	0	-1 -1 -1 0
άσμα	0.2	0.5773502691896257	0 0 -1 1
άσος	2.93	0.0	1 0.5 1 1
ασπίδα 	-0.97	0.0	-0.5 0 -1 0
άσπονδος	-2.78	0	-1 0 -1 -1
ασπόνδυλος	-2.19	0.0	-1 0 -1 0
ασπροπρόσωπος -η -ο	3.04	0.0	1 1 1 1
ασπρουλιάρης	-2.46	0	-1 0 -1 -1
ασσάκια	1.7	0.5773502691896257	1 0 1 -1
άσσος	2.93	0.0	1 0.5 1 1
αστάθεια	-2.14	0	-1 0 -1 -1
άστατος -η -ο	-2.19	0	-1 0 -1 -1
αστοιχείωτος	-2.95	0	-1 -1 -1 -1
άστοργος -η -ο	-2.83	0	-1 0 -1 -1
αστράφτω	3.04	0.5773502691896257	1 0.5 1 0
ασυγκράτητος -η -ο	0.16	0.0	0 0 0 0
ασυναίσθητος -η -ο	-2.36	0	-1 -1 -1 -0.5
ασύνδετος -η -ο	-1.44	0.0	-1 0 -1 0
ασφάλεια	3.04	0.0	1 1 1 1
ασφαλής -ής -ές	3.04	0.0	1 1 1 1
ασφαλίτης	-3.25	0	-1 -1 -1 -1
ασφυκτικός -ή -ό	-3.02	0	-1 -1 -1 -1
ασφυκτιώ	-3.02	0	-1 -1 -1 -1
ασφυξία	-2.51	0	-1 -1 -1 0
άσχημος -η -ο	-2.89	0	-1 -1 -1 -1
ατάραχος -η -ο	-0.86	0	-1 -0.5 -1 1
άτεγκτος -η -ο	-2.53	0	-1 -0.5 -1 -1
ατρόμητος -η -ο	1.74	0.0	1 1 -1 1
άτρομος -η -ο	0.22	0.7071067811865476	-1 0 -1 1
αυθαδόμουτρο	-3.06	0	-1 -1 -1 -1
αυλή	-2.44	0	-1 -1 -1 0
αυριανισμός	-3.04	0	-1 -1 -1 -1
αυταπάτη	-1.97	0	-1 0 -1 -1
αυτή	-0.59	0.0	0 -1 0 0
αυτί	0.27	0.0	0 0 0 0
αυτοϊκανοποίηση	-1.44	0	-1 0 -1 -0.5
αυτοϊκανοποιούμαι	-1.93	0	-1 0 -1 -1
αυτοκυριαρχία	2.4	0.5	1 0 1 1
αυτοκυριαρχούμαι	2.4	0.5	1 0 1 1
αυτός	-0.59	0.0	0 -1 0 0
αυτός	-0.59	0.0	0 -1 0 0
αυτός	-0.59	0.0	0 -1 0 0
αυτοσεβασμός	2.44	0.5	1 0 1 1
αυτοσυγκράτηση	2.44	0.5	1 0 1 1
αυτοσυγκρατούμαι	2.27	0.5773502691896257	1 0 1 0.5
αυτοσυναίσθημα	-0.1	0.0	0 0 0 0
αυτοτέλεια	1.93	0.5773502691896257	1 0 1 0
αφαιρώ	-2.25	0	-1 0 -1 -1
αφεντιά	-0.65	0.7071067811865476	1 0 -1 -1
αφή 	0.27	0.0	0 0 0 0
αφηγούμαι	0.27	0.0	0 0 0 0
αφηνιάζω	-3.15	0	-1 -1 -1 -1
αφιλανθρωπία	-2.55	0	-1 0 -1 -1
αφιλάνθρωπος -η -ο	-2.61	0	-1 0 -1 -1
αφιονίζω	-2.89	0	-1 -1 -1 0
άφοβος -η -ο	0.44	0.5773502691896257	1 0 -1 1
αφοσίωση	2.95	0.0	1 1 1 1
αφυπνίζω	1.7	0.5773502691896257	1 0 1 0.5
αφύπνιση	1.7	0.5773502691896257	1 0 1 0.5
άφωνος -η -ο	0.16	0.0	0 0 0 0
αχ	-0.5	0.0	0 0 0 0
αχάριστος -η -ο	-2.89	0	-1 -1 -1 -1
αχόρταγος -η -ο	-2.74	0	-1 -1 -1 -1
αχυράνθρωπος	-3.02	0	-1 -1 -1 -1
αψιθυμία	-2.21	0	-1 -0.5 -1 -0.5
βαθύς -ιά -ύ	-0.22	0.0	0 0 0 0
βαλκάνιος	-2.12	0.0	-1 0 -1 0
βαραίνω	-2.7	0	-1 -1 -1 -1
βαρέλα	-2.61	0	-1 0 -1 -1
βαρελάκι	-2.61	0	-1 0 -1 -1
βαρέλι	-2.23	0.0	-1 0 -1 0
βαριέμαι	-2.55	0	-1 -1 -1 -1
βαριεστημάρα	-2.55	0	-1 -1 -1 -1
βαριεστημένος -η -ο	-2.55	0	-1 -1 -1 -1
βαριεστώ	-2.55	0	-1 -1 -1 -1
βάρος	-2.89	0	-1 -1 -1 -1
βαρύμαγκας	-2.57	0	-1 0 -1 -1
βαρυπενθούν	-3.23	0	-1 -1 -1 -1
βαρυπενθούσα	-3.23	0	-1 -1 -1 -1
βαρυπενθών	-3.23	0	-1 -1 -1 -1
βαρύς -ιά -ύ	-2.42	0	-1 -1 -1 0
βαρυστομαχιά	-2.7	0	-1 -1 -1 -1
βαρυστομαχιάζω	-2.7	0	-1 -1 -1 -1
βαφτιστικός	2.19	0.5773502691896257	1 0 1 0
βγαίνω	0.27	0.0	0 0 0 0
βδελυγμία	-3.19	0	-1 -1 -1 -1
βεβαιώνω	0.27	0.0	0 0 0 0
βλακεία	-2.83	0	-1 0 -1 -1
βλαμμένος	-3.34	0	-1 -1 -1 -1
βλαμμένος	-2.66	0	0 -1 -1 -1
βλαχάκι	-2.78	0	-1 0 -1 -1
βλαχάρα	-3.15	0	-1 -1 -1 -1
βλαχιά	-3.15	0	-1 -1 -1 -1
βλαχο-	-3.19	0	-1 -1 -1 -1
βλαχοδήμαρχος	-3.15	0	-1 -1 -1 -1
βλάχος	-3.04	0	-1 -1 -1 -1
βλέπω	0.27	0.0	0 0 0 0
βοϊδάμαξα	-2.29	0	-1 0 -1 -1
βολεύω	-0.05	0.5773502691896257	0 1 -1 0
βουίζω	-2.23	0	-1 0 -1 -1
βουλησιαρχία	0.27	0.0	0 0 0 0
βουτυρο-	-1.5	0.0	-1 0 -1 0
βουτυρομπεμπές	-2.7	0	-1 -1 -1 -1
βουτυρόπαιδο	-2.74	0	-1 -1 -1 -1
βρε	-1.7	0	-1 -0.5 -1 -0.5
βρίσκω	0.27	0.0	0 0 0 0
βρομόπαιδο	-3.19	0	-1 -1 -1 -1
βρομόπαιδο	-2.66	0	0 -1 -1 -1
βρομοποδαράς	-3.17	0	-1 -1 -1 -1
βρομοπόδαρος	-3.17	0	-1 -1 -1 -1
βρομοπόδαρος	-2.66	0	0 -1 -1 -1
βρομόσκυλο	-3.36	0	-1 -1 -1 -1
βρομόχερο	-3.15	0	-1 -1 -1 -1
βρωμόπαιδο	-3.25	0	-1 -1 -1 -1
βρωμοποδαράς	-3.17	0	-1 -1 -1 -1
βρωμοπόδαρος	-3.17	0	-1 -1 -1 -1
βρωμοπόδαρος	-2.66	0	0 -1 -1 -1
βρωμόχερο	-3.47	0	-1 -1 -1 -1
γαβγίζω	-2.61	0	-1 0 -1 -1
γάβγισμα	-2.55	0	-1 0 -1 -1
γαϊδουροκαβαλαρία	-1.91	0	-1 0 -1 -1
γαμάω	-2.44	0	-1 -0.5 -1 -0.5
γαμάω	-1.93	0	0 -0.5 -1 -0.5
γαμήσι	-2.81	0	-1 -1 -1 -0.5
γαμησιάτικα	-3.42	0	-1 -1 -1 -1
γαμιάς	-2.1	0	-1 -0.5 -1 -0.5
γαμιέμαι	-3.0	0	-1 -0.5 -1 -1
γαμιόλης	-3.49	0	-1 -1 -1 -1
γαμιόλης	-2.98	0	0 -1 -1 -1
γαμπρός	-1.01	0.0	-0.5 0 -1 0
γαμπρούλης	2.72	0.5	1 0 1 1
γαμώ	-2.38	0	-1 -0.5 -1 -0.5
γαμώ	-1.82	0	0 -0.5 -1 -0.5
γαμώτη	-2.85	0	-1 -0.5 -1 -1
γαμώτο	-2.85	0	-1 -0.5 -1 -1
γαργαλώ	2.83	0.5773502691896257	1 0 1 0
γατάκι	-1.21	0	-1 1 -1 -1
γείτσες	2.61	0.5773502691896257	1 0 1 0
γέλιο	3.64	0.0	1 1 1 0.5
γεμίζω	2.19	0.5	0 1 0 0
γενικός -ή -ό	0.27	0.0	0 0 0 0
γενικότητα	0.27	0.0	0 0 0 0
γενναιόφρονας	2.55	0.5	1 0 1 1
γενναιόφρων -ων -ον	2.55	0.5	1 0 1 1
γεράκος	2.59	0.0	1 1 1 0.5
γερμανοτσολιάς	-3.49	0	-1 -1 -1 -1
γερομπαμπαλής	-3.19	0	-1 -1 -1 -1
γεροντοκόρος	-2.81	0	-1 -1 -1 -1
γεροξεκούτης	-2.98	0	-1 -1 -1 -1
γεροξούρας	-3.04	0	-1 -1 -1 -1
γεροπαραλυμένος	-2.85	0	-1 -1 -1 -1
γέρος	-1.87	0.0	-1 0 -1 0
γεροτράγος	-3.23	0	-1 -1 -1 -1
γερουσία	-1.97	0	-1 0 -1 -1
γεύομαι	2.51	0.5773502691896257	1 0 1 0
γεύση	1.72	0.5773502691896257	1 0 0.5 0
γευστικός -ή -ό	3.42	0.0	1 1 1 1
γηροκομείο	-2.19	0	-1 0 -1 -1
γιαλαντζί	-2.19	0	-1 0 -1 -1
γιάνκης	-2.55	0	-1 -1 -1 -1
γιατάκι	1.97	0.5773502691896257	1 0 1 0
γιατροσόφι	-1.91	0	-1 0 -1 -1
γιόκας	-0.86	0	-1 1 -1 -0.5
γιουφτάκος	-2.98	0	-1 -1 -1 -1
γιούφτος	-3.17	0	-1 -1 -1 -1
γκάβακας	-2.91	0	-1 -1 -1 -1
γκαβός	-2.7	0	-1 -1 -1 -1
γκαβός	-2.14	0	0 -1 -1 -1
γκαβωμάρα	-2.81	0	-1 -1 -1 -1
γκαβώνω	-2.55	0	-1 -1 -1 0
γκάμα	2.14	0.5773502691896257	1 0 1 0
γκαμήλα	-2.74	0	-1 -1 -1 -1
γκαύλα	3.45	0.0	1 1 1 1
γκεσταπίτης	-2.76	0	-1 0 -1 -1
γκιαούρης	-2.93	0	-1 -1 -1 -1
γκιόσα	-3.13	0	-1 -1 -1 -1
γκλάβα	-1.63	0	-1 0 -1 -0.5
γκομενάκιας	-1.7	0	-1 0 -1 -0.5
γκομενιλίκι	-2.29	0	-1 0 -1 -1
γκραν γκινιόλ	0.01	0.5773502691896257	0 1 -1 0
γκρανκάσα	-2.57	0	-1 -1 -1 -1
γλάστρα	-2.51	0	-1 -1 -1 -1
γλείφτης	-3.23	0	-1 -1 -1 -1
γλείφτρα	-3.23	0	-1 -1 -1 -1
γλείφω	-3.23	0	-1 -1 -1 -1
γλέντι	1.76	0.5773502691896257	1 0 -1 1
γλύκα	3.42	0.0	1 1 1 1
γλυκερός -ή -ό	-2.04	0	-1 -1 -1 -0.5
γλυκός -ιά -ό	2.29	0.0	1 1 1 -1
γλυκύτητα	3.36	0.0	1 1 1 1
γλώσσα 	0.27	0.0	0 0 0 0
γνησιότητα	2.08	0.5773502691896257	1 0 1 0
γομάρι	-2.89	0	-1 -1 -1 -1
γραφιάς	-2.08	0	-1 0 -1 -1
γραφικός	-1.85	0	-1 -0.5 -1 -0.5
γραφικότητα	-1.85	0	-1 -0.5 -1 -0.5
γριούλα	2.55	0.0	1 1 1 0.5
γυαλάκιας	-2.14	0	-1 0 -1 -1
γύμνια	-2.19	0	-1 0 -1 -1
γυναικο-	-1.12	0.0	-0.5 0 -1 0
γυρίζω	0.27	0.0	0 0 0 0
γυρίστρα	-2.19	0	-1 0 -1 -1
γυροφέρνω	-1.61	0.0	-1 0 -1 0
γυφτάκι	-2.91	0	-1 -1 -1 -1
γυφτάκος	-2.91	0	-1 -1 -1 -1
γυφταριό	-3.13	0	-1 -1 -1 -1
γύφταρος	-3.23	0	-1 -1 -1 -1
γυφτιά	-3.06	0	-1 -1 -1 -1
γύφτος	-3.17	0	-1 -1 -1 -1
γωνιά	0.27	0.0	0 0 0 0
γωνίτσα	1.93	0.5773502691896257	1 1 0 0
δαμάζω	0.22	0.5773502691896257	0 0 -1 1
δάυτος	-2.81	0	-1 -1 -1 -1
δείγμα	-0.69	0.0	-1 0 -0.5 0
δειγματολόγιο	-0.48	0.0	0 0 -1 0
δειλός -ή -ό	-2.66	0	-1 0 -1 -1
δείχνω	0.27	0.0	0 0 0 0
δεκτός -ή -ό	0.27	0.0	0 0 0 0
δέος	1.87	0	0.5 1 0.5 0.5
δέσιμο	1.61	0.5773502691896257	0.5 0 1 0
δεσμώτης	-3.08	0	-1 -1 -1 -1
διαβεβαιώνω	0.27	0.0	0 0 0 0
διάβολος	-3.47	0	-1 -1 -1 -1
διάθεση	1.99	0.0	0.5 1 0.5 1
διαισθάνομαι	-1.63	0	-1 0 -1 -0.5
διαίσθηση	-1.55	0	-1 0 -1 -0.5
διαισθητικός -ή -ό	-1.44	0.0	-1 0 -1 0
διαισθητικότητα	-1.44	0.0	-1 0 -1 0
διακαής -ής -ές	-0.16	0.0	-1 1 -1 1
διακατέχω	-0.54	0.0	-1 0 -0.5 0
διακονεύω	-2.14	0	-1 0 -1 -1
διακονιά	-2.78	0	-1 -1 -1 -1
διαμαντικό	-0.52	0.7071067811865476	-1 0 -1 1
διανθίζω	2.51	0.5	1 0 1 1
διαπνέω	2.08	0.5773502691896257	1 0 1 0.5
διασκεδάζω	3.77	0.0	1 1 1 1
διασπείρω	-1.59	0	-1 0 -0.5 -0.5
διαστρέφω	-2.29	0	-1 0 -1 -1
διαστροφή	-2.68	0	-1 -1 -1 -1
διατεθειμένος -η -ο	0.27	0.0	0 0 0 0
διαφημιστής	-1.44	0.0	-1 0 -1 0
διαφημιστικός	-1.44	0.0	-1 0 -1 0
διαχυτικός -ή -ό	3.42	0.0	1 1 1 1
διεγείρω	0.37	0.0	0 0 0 0
διέγερση	0.39	0.0	0 0 0 0
διεθνής	0.27	0.0	0 0 0 0
διερμηνεύω	0.27	0.0	0 0 0 0
διευθυντήριο	-1.29	0.0	-1 0 -1 0
δικαιοσύνη	0.27	0.0	0 0 0 0
δικολάβος	-2.23	0	-1 0 -1 -1
διοπτροφόρος	-1.65	0.0	-1 0 -1 0
διοχετεύω	-1.44	0	-1 0 -1 -0.5
διπλάρωμα	-2.59	0	-1 -1 -1 -1
διπλαρώνω	-2.63	0	-1 -1 -1 -1
διπλωμάτης	-1.23	0.0	-1 0 -1 0
διπλωματικός	-0.59	0.0	-1 0 0 0
δίψα	0.29	0.0	0 0 0 0
διψαλέος	-1.74	0	-1 -0.5 -1 -0.5
διψώ	0.29	0.0	0 0 0 0
δόγμα	-1.5	0.0	-1 0 -1 0
δογματικός	-1.72	0.0	-1 0 -1 0
δοκησισοφία	-2.91	0	-1 -1 -1 -1
δοκησίσοφος	-2.91	0	-1 -1 -1 -1
δοκιμάζω	0.27	0.0	0 0 0 0
δόλιος	-1.74	0	-1 1 -1 -1
δονκιχοτικός	-2.25	0	-1 0 -1 -1
δονκιχοτισμός	-2.25	0	-1 0 -1 -1
δονκιχωτικός	-2.25	0	-1 0 -1 -1
δορυφόρος	-1.65	0.0	-1 0 -1 0
δοσοληψία	-1.61	0.0	-1 0 -1 0
δοτός	-1.61	0.0	-1 0 -1 0
δούλα	-2.66	0	-1 0 -1 -1
δουλάκι	-2.95	0	-1 -1 -1 -1
δουλί	-3.02	0	-1 -1 -1 -1
δουλικό	-2.95	0	-1 -1 -1 -1
δούλος	-2.55	0	-1 0 -1 -1
δραπετεύω	-1.61	0.0	-1 0 -1 0
δράστης	-2.08	0.0	-1 0 -1 0
δροσερός -ή -ό	3.04	0.0	1 1 1 1
δροσίζω	2.68	0.5	1 0 1 1
δροσιστικός -ή -ό	2.68	0.5	1 0 1 1
δυνατός -ή -ό	2.12	0.5	1 0 1 1
δυσαισθησία	-1.93	0	-1 0 -1 -1
δυσαρέσκεια	-3.1	0	-1 -1 -1 -1
δυσθυμία	-3.19	0	-1 -1 -1 -1
δύσπεπτος	-2.19	0	-1 0 -1 -1
δυσφορία	-3.15	0	-1 -1 -1 -1
δυσφορώ	-3.23	0	-1 -1 -1 -1
δώμα	-1.55	0.0	-1 0 -1 0
ε	-2.12	0	-1 -0.5 -1 -0.5
εβραϊκός	-2.51	0	-1 0 -1 -1
εβραίος	-2.57	0	-1 0 -1 -1
εγκάρδιος -α -ο	3.55	0.0	1 1 1 1
εγκεφαλικός -ή -ό	-1.76	0.0	-1 0 -1 0
εγκέφαλος	-1.29	0.0	-1 0 -0.5 0
εγώ	-0.05	0.0	0 0 0 0
εγωίσταρος	-2.76	0	-1 -0.5 -1 -1
εγωιστής	-2.46	0	-1 0 -1 -1
έδαφος	0.27	0.0	0 0 0 0
εδέησα	-1.85	0	-1 -0.5 -1 -0.5
εδώ	0.27	0.0	0 0 0 0
εθελοντής	1.55	0.5	1 0 0 0
εθελοντικός -ή -ό	1.55	0.5	1 0 0 0
εθνοσωτήρας	-0.44	0.0	0 0 0 0
ειδεχθής -ής -ές	-3.23	0	-1 -1 -1 -1
ειδοποιώ	0.27	0.0	0 0 0 0
ειδύλλιο	1.01	0.5773502691896257	1 1 -1 0
ειλικρίνεια	2.78	0.5	1 0 1 1
ειλικρινής -ής -ές	2.46	0.5	1 0 1 1
είρωνας	-1.8	0	-1 0 -1 -0.5
ειρωνεία	-2.29	0	-1 0 -1 -1
ειρωνεύομαι	-2.29	0	-1 0 -1 -1
εκατοχρονίτικος	-1.97	0	-1 0 -1 -1
εκδηλώνω	0.12	0.0	0 0 0 0
εκδηλωτικός -ή -ό	2.44	0.5	1 0 1 1
εκδράμω	1.38	0.5773502691896257	1 1 -1 0
εκεί	0.27	0.0	0 0 0 0
έκθαμβος	3.68	0.0	1 1 1 1
εκκολάπτω	-1.5	0.0	-1 0 -1 0
εκλεκτός -ή -ό	2.83	0.0	1 1 1 1
εκλιπών -ούσα -όν	-2.44	0	-1 0 -1 -1
εκλογικεύω	-0.05	0.0	0 0 0 0
εκμυστηρεύομαι	0.27	0.0	0 0 0 0
έκπληκτος -η -ο	0.37	0.0	0 0 0 0
έκπληξη	1.95	0	0.5 0.5 1 0.5
εκπλήσσω	1.95	0	0.5 0.5 1 0.5
εκρήγνυμαι	-2.98	0	-1 -1 -1 -1
έκρηξη	-2.98	0	-1 -1 -1 -1
εκτεθειμένος -η -ο	-2.91	0	-1 -1 -1 -1
εκτελώ	-2.51	0	-1 -1 -1 0
εκτονώνω	-2.17	0	-1 0 -1 -0.5
εκφράζω	0.05	0.0	0 0 0 0
έκφραση	0.05	0.0	0 0 0 0
εκφραστικός -ή -ό	2.27	0.5773502691896257	0.5 0 1 1
ελεγεία	0.76	0.5773502691896257	1 0 1 -1
ελεημοσύνη	-2.51	0	-1 -0.5 -1 -1
έλεος	-2.91	0	-1 -0.5 -1 -1
ελέφαντας	-1.55	0.0	-0.5 0 -1 0
ελεώ	-1.55	0	-1 -0.5 -1 0
ελίτ	-0.65	0.7071067811865476	-1 0 -1 1
εμβρόντητος -η -ο	-1.87	0	-1 -0.5 -1 -0.5
εμετικός -ή -ό	-3.34	0	-1 -1 -1 -1
εμετολογία	-3.34	0	-1 -1 -1 -1
εμετός	-3.34	0	-1 -1 -1 -1
εμπάθεια	-3.25	0	-1 -1 -1 -1
εμπαθής -ής -ές	-3.19	0	-1 -1 -1 -1
εμπιστοσύνη	2.93	0.0	1 1 1 1
έμπλεος -ος -ο	2.76	0.5773502691896257	0.5 0 1 1
εμπνέω	2.51	0.5773502691896257	1 0 1 0
εμποτίζω	1.87	0.5773502691896257	1 0 1 0.5
εμφορούμαι	2.27	0.5773502691896257	1 0 1 0.5
εμφυσώ	2.08	0.5773502691896257	1 0 1 0
ενάργεια	2.44	0.5	1 0 1 1
ενδοστρέφεια	-2.25	0	-1 -0.5 -1 -1
ενδότατος -η -ο	0.27	0.0	0 0 0 0
ένθερμος -η -ο	2.72	0.5	1 0 1 1
ενθουσιασμός	3.89	0.0	1 1 1 1
ενθυλακώνω	-2.08	0	-1 0 -1 -1
ενίοτε	-0.48	0.0	0 0 -1 0
ενοχή	-2.74	0	-1 -1 -1 -1
ενόχλημα	-2.89	0	-1 -1 -1 -1
ενόχληση	-2.85	0	-1 -1 -1 -1
ενοχλώ	-2.91	0	-1 -1 -1 -1
ενσπείρω	-1.48	0.0	-1 0 -1 0
ενσταλάζω	-0.05	0.0	0 0 0 0
ενσυναίσθημα	2.27	0.5773502691896257	1 0 1 0.5
ένταση	-2.78	0	-1 -1 -1 -1
έντιμος -η -ο	2.76	0.5	1 0 1 1
έντονος -η -ο	-1.91	0	-1 0 -1 -0.5
εντύπωση	0.78	0.0	0 0 0 0
εξάλειψη	-0.97	0.0	-1 0 -1 0
έξαλλος -η -ο	-2.59	0	-1 -0.5 -1 -1
εξαργυρώνω	-1.23	0.0	-1 0 -1 0
έξαρση	-1.85	0	-1 0 -1 -0.5
εξάρτηση	-2.02	0	-1 -1 -1 0
έξαψη	-0.89	0	-1 -0.5 -1 1
εξετάζω	0.27	0.0	0 0 0 0
εξηνταβελόνης	-2.68	0	-1 -1 -1 -1
εξουθενώνω	-2.55	0	-1 -1 -1 -1
εξυπνάκιας	-2.68	0	-1 -1 -1 -1
εξυπνάκιας	-2.14	0	0 -1 -1 -1
εξυπνακίστικος	-2.78	0	-1 -1 -1 -1
έξυπνος	0.76	0.7071067811865476	0.5 0 0.5 1
εξυπνούλης	-1.87	0	-1 0 -1 -0.5
εξυπνούλικα	-1.87	0	-1 0 -1 -0.5
εξυπνούτσικος	-1.8	0	-1 0 -1 -0.5
έξω	-1.97	0.0	0 0 0 -1
εξωστρέφεια	2.17	0.5773502691896257	1 0 1 0.5
εξωτερίκευση	2.12	0.5773502691896257	1 0 1 0.5
εξωτερικεύω	2.12	0.5773502691896257	1 0 1 0.5
επαγγελματίας	2.19	0.5773502691896257	1 0 1 0
επάλληλος -η -ο	0.27	0.0	0 0 0 0
επεισοδιακός -ή -ό	-2.12	0	-1 0 -1 -1
επηρεάζω	-1.63	0	-1 0 -1 -0.5
επιβήτορας	-1.87	0.0	-1 0 -1 0
επίγνωση	2.36	0.5773502691896257	1 0 1 0
επιδερμικός -ή -ό	-1.61	0.0	-1 0 -1 0
επιδρομέας	-1.76	0.0	-1 0 -1 0
επιδρώ	-0.33	0.0	0 0 0 0
επιθετικότητα	-2.95	0	-1 -1 -1 -1
επιθυμώ	2.98	0.0	1 1 1 1
επικαλούμαι	0.27	0.0	0 0 0 0
επικοινωνώ	2.04	0.5773502691896257	1 0 1 0
επίκτητος -η -ο	0.27	0.0	0 0 0 0
επιλεκτικός	0.84	0.5773502691896257	1 0 -1 1
επιπόλαιος -η -ο	-2.14	0	-1 0 -1 -1
επισκέπτομαι	0.27	0.0	0 0 0 0
επίσκεψη	0.27	0.0	0 0 0 0
επιφυλακτικός -ή -ό	-2.12	0	-1 0 -1 -1
επιφώνημα	0.33	0.0	0 0 0 0
εποχούμενος	-1.27	0.0	-1 0 -1 0
επώδυνος -η -ο	-3.17	0	-1 -1 -1 -1
εραστής	-1.4	0.0	-1 0 -1 0
εργατοπατέρας	-2.61	0	-1 -1 -1 -1
ερέθισμα	-0.05	0.0	0 0 0 0
ερεθισμός	-2.12	0	-1 -1 -1 -0.5
έρημος	-2.91	0	-1 -1 -1 -1
ερίφης	-2.91	0	-1 -1 -1 -1
έρμος	-2.91	0	-1 -1 -1 -1
ερπετό	-2.36	0.0	-1 0 -1 0
ερπετό	-1.65	0.0	0 0 -1 0
έρχομαι	0.27	0.0	0 0 0 0
έρωτας	3.59	0.0	1 1 1 1
ερωτεύομαι	3.64	0.0	1 1 1 1
ερωτικός -ή -ό	3.59	0.0	1 1 1 1
ερωτο- 	-0.8	0.7071067811865476	-1 1 -1 0
εσωστρέφεια	-1.82	0	-1 0 -1 -1
εσώψυχος -η -ο	0.12	0.0	0 0 0 0
ετερόκλητος	-1.76	0	-1 0 -1 -1
ετοιματζίδικος	-2.02	0	-1 0 -1 -1
έτοιμος -η -ο	0.27	0.0	0 0 0 0
ευαισθησία	-0.89	0	-1 1 -1 -0.5
ευαισθητοποιώ	2.63	0.0	1 1 1 1
ευαίσθητος -η -ο	1.03	0.0	1 1 -1 0.5
ευαρέσκεια	3.59	0.0	1 1 1 1
ευαρεστούμαι	3.59	0.0	1 1 1 1
ευγένεια	2.76	0.5	1 0 1 1
ευγενής	2.89	0.5	1 0 1 1
ευγενής -ής -ές	2.25	0.5773502691896257	0 0 1 1
ευγενικός -ή / -ιά -ό	2.93	0.5	1 0 1 1
ευγνώμονας	3.04	0.5	1 0 1 1
ευγνωμονώ	3.19	0.5	1 0 1 1
ευγνώμων -ων -ον	3.25	0.5	1 0 1 1
ευδοκιμώ	1.33	0.5773502691896257	1 0 -1 1
ευδοκώ	1.74	0.0	1 1 -1 1
ευεξία	3.66	0.0	1 1 1 1
εύηχος -η -ο	3.51	0.0	1 1 1 1
ευκαιριακός	-1.65	0.0	-1 0 -1 0
ευκολία	-0.48	0.7071067811865476	-1 0 -1 1
εύκολος	-0.48	0.7071067811865476	-1 0 -1 1
εύκολος -η -ο	0.22	0.5773502691896257	0 0 -1 1
ευλαβής -ής -ές	3.06	0.0	1 1 1 1
ευλογώ	2.57	0.5	1 0 1 1
ευνουχίζω	-3.02	0	-1 -1 -1 -1
ευνουχισμός	-3.02	0	-1 -1 -1 -1
ευνούχος	-3.02	0	-1 -1 -1 -1
ευοσμία	3.25	0.0	1 1 1 1
εύοσμος	3.17	0.0	1 1 1 1
ευσεβής -ής -ές	3.15	0.0	1 1 1 1
εύσημο	3.08	0.5	1 0 1 1
ευσπλαχνίζομαι	1.48	0.0	1 1 1 -1
ευτράπελος	-2.02	0	-1 -0.5 -1 -1
ευτυχισμένος -η -ο	3.77	0.0	1 1 1 1
ευφορία 	3.77	0.0	1 1 1 1
ευφροσύνη	3.59	0.0	1 1 1 1
ευφυϊα	2.51	0.5773502691896257	1 0 1 0
ευφωνία	3.21	0.0	1 1 1 1
εύχαρις	1.5	0.0	1 1 -1 0.5
ευχαρίστηση	3.7	0.0	1 1 1 1
ευχάριστος	3.7	0.0	1 1 1 1
ευχάριστος -η -ο	3.21	0.5	0 1 1 1
ευωδιά	3.49	0.0	1 1 1 1
ευωδία	3.49	0.0	1 1 1 1
εφετζίδικος	-1.59	0	-1 0 -1 -0.5
εφευρετικός	2.46	0.5	1 0 1 1
εφιάλτης	-3.23	0	-1 -1 -1 -1
εχθρεύομαι	-3.47	0	-1 -1 -1 -1
εχθρότητα	-3.4	0	-1 -1 -1 -1
έχω	0.27	0.0	0 0 0 0
ζαλάδα	-2.72	0	-1 -1 -1 -1
ζάλη	-2.27	0	-1 -1 -1 -0.5
ζεματώ	-2.78	0	-1 -1 -1 0
ζερβοκουτάλα	-1.72	0.0	-1 0 -1 0
ζεσταίνω	0.91	0.5	0 1 0 0
ζεστός -ή -ό	2.87	0.0	1 1 1 1
ζηλεύω	-2.25	0	-1 -1 -1 -0.5
ζήλια	-2.31	0	-1 -1 -1 -0.5
ζηλώ	-2.31	0	-1 -1 -1 -0.5
ζο	-2.95	0	-1 -1 -1 -1
ζούδι	-2.89	0	-1 -1 -1 -1
ζουμί	-1.48	0	-1 0 -1 -0.5
ζουμπάς	-2.23	0	-1 0 -1 -1
ζούρλα	-1.53	0	-1 0 -1 -0.5
ζω	0.27	0.0	0 0 0 0
ζωηρός -ή -ό	2.12	0.5773502691896257	1 0 1 0.5
ζώνω	-2.34	0	-1 -1 -1 0
ζώο	-3.1	0	-1 -1 -1 -1
ζωογόνος -α / -ος -ο	3.17	0.0	1 1 1 1
ζωοφιλία	2.55	0.5	1 1 1 0
ζωόφιλος -η -ο	1.55	0.0	1 1 1 -1
ηδονίζομαι	0.54	0.0	-1 1 -1 1
ηδονικός -ή -ό	0.54	0.0	-1 1 -1 1
ηθικός  -ή -ό	2.61	0.5	1 0 1 1
ηλιόχαρος -η -ο	3.21	0.0	1 1 1 1
ήμερος -η -ο	2.55	0.5	1 0 1 1
ησυχία	2.19	0.5773502691896257	1 0 1 0
ήσυχος -η -ο	1.89	0.5773502691896257	1 0 1 0.5
θάλπω	2.83	0.5	1 1 1 0
θαλπωρή	3.17	0.0	1 1 1 1
θαμπώνω	-0.84	0	-1 -0.5 -1 1
θαυμάζω	3.47	0.0	1 1 1 1
θαυμασμός	3.47	0.0	1 1 1 1
θαυμαστής	3.15	0.0	1 1 1 1
θαυματουργώ	3.51	0.0	1 1 1 1
θέαμα	2.61	0.5773502691896257	1 0 1 0
θεατρίζομαι	-1.23	0.0	-1 0 -1 0
θεια	-2.08	0	-1 0 -1 -1
θειος	-2.57	0	-1 -1 -1 -1
θείτσα	-2.72	0	-1 -1 -1 -1
θέλω	0.54	0.5773502691896257	0 1 0 0.5
θεματολογία	0.27	0.0	0 0 0 0
Θεός	0.95	0	0.5 0.5 0.5 1
θεούσα	-2.74	0	-1 -1 -1 -1
θεράποντας	-1.55	0.0	-1 0 -1 0
θερίζω	-2.08	0	-1 0 -0.5 -1
θεριό	0.63	0.0	1 -1 1 0.5
θερμικός -ή -ό	0.27	0.0	0 0 0 0
θερμόαιμος -η -ο	-1.08	0	-1 -0.5 -1 1
θερμοκέφαλος -η -ο	-2.1	0	-1 -0.5 -1 -0.5
θερμός -ή -ό	2.74	0.0	1 0.5 1 1
θερμότητα	1.78	0.5773502691896257	1 0.5 0 0
θετικός -ή -ό	2.98	0.0	1 1 1 1
θεώμαι	-0.91	0.0	-1 0 0 0
θεωρητικολογία	-2.04	0	-1 0 -1 -1
θεωρητικολογώ	-2.04	0	-1 0 -1 -1
θηλυκός	-1.61	0.0	-1 0 -1 0
θηριάκι	1.44	0.5773502691896257	1 0 1 0
θηρίο	-2.74	0	-1 -1 -1 -0.5
θλιβερός -ή -ό	-3.32	0	-1 -1 -1 -1
θλίβω	-3.19	0	-1 -1 -1 -1
θλιμμένος -η -ο	-3.19	0	-1 -1 -1 -1
θλίψη 	-3.19	0	-1 -1 -1 -1
θολός -ή -ό	-2.19	0	-1 0 -1 -1
θόρυβος	-2.68	0	-1 -1 -1 -1
θρασίμι	-2.89	0	-1 -1 -1 -1
θρησκευτικός -ή -ό	-1.27	0.0	-1 0 -1 0
θρίλερ	-2.95	0	-1 -1 -1 -1
θύμηση	1.82	0.5773502691896257	0.5 0 1 0
θυμικό	-2.46	0	-1 0 -1 -1
θυμικός -ή -ό	-2.46	0	-1 0 -1 -1
θυμωμένος -η -ο	-3.19	0	-1 -1 -1 -1
θυμώνω	-3.19	0	-1 -1 -1 -1
ιδεοληψία	-1.5	0.0	-1 0 -1 0
ιδιοτέλεια	-2.23	0	-1 0 -1 -1
ιδού	-1.21	0	-1 0 -1 -0.5
ιερατείο	-1.23	0.0	-1 0 -1 0
ιερογλυφικός	-1.27	0.0	-1 0 -1 0
ικανοποίηση	3.72	0.0	1 1 1 1
ικανός	2.89	0.5	1 0 1 1
ίλιγγος	-2.81	0	-1 -1 -1 -1
ιμπρεσιονισμός	0.27	0.0	0 0 0 0
ινστρούχτορας	-2.19	0	-1 -1 -1 0
ιντελιγκέντσια	-2.34	0	-1 -1 -1 0
ιπποπόταμος	-2.98	0	-1 -1 -1 -1
ισόβιος	-1.7	0.0	-1 0 -1 0
ισοβίως	-1.7	0.0	-1 0 -1 0
ισορροπία	2.51	0.5773502691896257	1 0 1 0
ιώδης -ης -ες	0.27	0.0	0 0 0 0
καβάλα	-1.65	0.0	-1 0 -1 0
καβαλικεύω	-1.65	0.0	-1 0 -1 0
καβαλώ	-2.08	0	-1 0 -1 -1
κάθαρση	3.27	0.0	1 1 1 1
καθηγητιλίκι	-2.04	0.0	-1 0 -1 0
καθηκοντολογία	-1.55	0.0	-1 0 -1 0
καθησυχάζω	2.68	0.5	1 1 1 0
καθοδηγητής	-1.55	0.0	-1 0 -1 0
καθορίζω	0.27	0.0	0 0 0 0
καθότι	0.27	0.0	0 0 0 0
καθωσπρέπει	-0.69	0.7071067811865476	-1 0 -1 1
καίω	-1.85	0	-1 -0.5 -1 0
κακαρίζω	-0.95	0	-1 -1 -1 1
κακόηχος -η -ο	-2.19	0	-1 0 -1 -1
κακόκαρδος -η -ο	-2.4	0	-1 0 -1 -1
κακός -ή / -ιά -ό	-2.87	0	-1 0 -1 -1
κακοσμία	-2.19	0	-1 0 -1 -1
κακουχία	-2.12	0	-1 0 -1 -1
καλαισθητικός -ή -ό	2.95	0.0	1 1 1 1
καλαμοκάνης	-2.57	0	-1 -1 -1 -1
καλαμοπόδαρος	-2.57	0	-1 -1 -1 -1
καλαμπαλίκι	-2.04	0	-1 0 -1 -1
καλημερούδια	3.02	0.5	1 0 1 1
καληνυχτούδια	3.02	0.5	1 0 1 1
καλησπερούδια	3.02	0.5	1 0 1 1
καλλιπόπη	0.27	0.0	0 0 0 0
καλλιτεχνικός -ή -ό	2.36	0.5773502691896257	1 0 1 0
καλλονή	3.13	0.0	1 1 1 1
καλλονός	3.13	0.0	1 1 1 1
κάλλος	2.98	0.5	1 0 1 1
καλό	3.42	0.0	1 1 1 1
καλογερεύω	-1.16	0.0	-1 0 -1 0
καλόγερος	-1.18	0.0	-1 0 -1 0
καλοδιάθετος -η -ο	3.38	0.0	1 1 1 1
καλοκαιράκι	2.91	0.5	1 0 1 1
καλόκαρδος -η -ο	3.19	0.5	1 0 1 1
καλομαθαίνω	-1.8	0	-1 0 -1 -1
καλοπερασάκιας	-1.76	0	-1 0 -1 -0.5
καλοπερνώ	0.27	0.0	-1 1 -1 1
καλός -ή -ό	3.0	0.5	1 0 1 1
καλυβάκι	0.44	0.5773502691896257	-1 0 1 0
καλύβι	-1.27	0.0	-1 0 -1 0
καλύβι	-0.69	0.0	0 0 -1 0
καμάκι	-1.27	0.0	-1 0 -1 0
καμακώνω	-1.33	0.0	-1 0 -1 0
καμάρι	1.89	0.0	1 1 -1 1
καμαρίλα	-2.74	0	-1 -1 -1 -1
καμαρώνω	3.47	0.0	1 1 1 1
καμήλα	-2.89	0	-1 -1 -1 -1
καμπαρετζής	-3.1	0	-1 -1 -1 -1
καμπαρετζού	-3.04	0	-1 -1 -1 -1
κανάγιας	-3.32	0	-1 -1 -1 -1
κανί	-2.19	0.0	-1 0 -1 0
κανίβαλος	-3.47	0	-1 -1 -1 -1
κανονιέρης	-1.74	0	-1 -0.5 -1 0
κανονίζω	-1.65	0.0	-1 0 -1 0
κάνω	0.27	0.0	0 0 0 0
καούρα	-1.91	0	-1 -1 -1 0
καπελαδούρα	-1.65	0	-1 0 -1 -1
καπελίνο	-0.22	0.7071067811865476	1 0 -1 -1
καπνικαρέα	-2.59	0	-1 -1 -1 -1
κάποιος	0.27	0.0	0 0 0 0
κάπου	0.27	0.0	0 0 0 0
καπούλι	-1.55	0.0	-1 0 -1 0
κάπως	-1.29	0.0	-1 0 -1 0
καρα-	-1.91	0.0	-1 0 -1 0
καρα-	-1.23	0.0	0 0 -1 0
καραβανάς	-2.74	0	-1 -1 -1 -1
καραβανσαράι	-1.93	0	-1 0 -1 -1
καραβανσεράι	-1.93	0	-1 0 -1 -1
καραβόσκυλος	-2.49	0	-1 -0.5 -1 -0.5
καραγιαπί	-2.12	0	-1 0 -1 -1
καραγκιοζάκος	-2.63	0	-1 -1 -1 -1
καραγκιόζης	-2.85	0	-1 -1 -1 -1
καραγκιόζικος	-2.81	0	-1 -1 -1 -1
καραγκιοζιλίδικος	-2.74	0	-1 -1 -1 -1
καραγκιοζλίδικος	-2.74	0	-1 -1 -1 -1
καρακαηδόνα	-2.72	0	-1 -1 -1 -1
καρακάξα	-2.83	0	-1 -1 -1 -1
καραμπογιά	-2.04	0	-1 0 -1 -1
καραπουτάνα	-3.45	0	-1 -1 -1 -1
καράφλα	-2.57	0	-1 -1 -1 -1
καράφλας	-2.57	0	-1 -1 -1 -1
καράφλας	-2.04	0	0 -1 -1 -1
καραφλός	-2.08	0	-1 -1 -1 0
καρβουνιάρης	-1.65	0.0	-1 0 -1 0
κάργα	-1.91	0.0	-1 0 -1 0
κάργας	-2.93	0	-1 -1 -1 -1
κάργια	-2.95	0	-1 -1 -1 -1
καρδιά	2.57	0.5773502691896257	1 0 1 0
καρδιο-	-1.44	0.0	-1 0 -1 0
καρδιοχτυπώ	-0.65	0	-1 1 -1 -0.5
καρδούλα	3.25	0.0	1 1 1 1
καρέκλα	-1.33	0.0	-1 0 -1 0
καρέκλα	-0.59	0.0	0 0 -1 0
καρεκλάκι	0.27	0.0	0 0 0 0
καρεκλίτσα	0.27	0.0	0 0 0 0
καρεκλοκένταυρος	-2.74	0	-1 -1 -1 -1
καρεκλοκένταυρος	-2.19	0	0 -1 -1 -1
καριερίστας	-2.29	0	-1 -1 -1 0
καριόλης	-3.55	0	-1 -1 -1 -1
καριόλης	-3.19	0	0 -1 -1 -1
καρκαλέτσος	-2.72	0	-1 -1 -1 -1
καρκινιάρης	-3.25	0	-1 -1 -1 -1
καρκινοφοβία	-2.36	0	-1 -1 -1 0
κάρο	-1.55	0.0	-1 0 -1 0
καρόδρομος	-2.25	0	-1 0 -1 -1
καρπαζοεισπράκτορας	-2.63	0	-1 -1 -1 -1
καρπαζοεισπράχτορας	-2.63	0	-1 -1 -1 -1
καρπουζοκέφαλος	-2.59	0	-1 -1 -1 -1
καρπουζοκέφαλος	-2.08	0	0 -1 -1 -1
κάρφωμα	-2.36	0	-1 -1 -1 0
καρφώνω	-2.36	0	-1 -1 -1 0
κάστα	-2.34	0	-1 -1 -1 0
καταβόθρα	-2.4	0	-1 -1 -1 0
καταδικός	-2.02	0	-1 0 -1 -0.5
κατάθεση	0.27	0.0	0 0 0 0
κατακαίω	-2.7	0	-1 -0.5 -1 -1
κατάκαρδα	-2.34	0	-1 0 -1 -1
κατακρεουργώ	-3.49	0	-1 -1 -1 -1
κατάκτηση	-0.44	0.7071067811865476	-1 1 -1 0
κατακτώ	-0.44	0.7071067811865476	-1 1 -1 0
κατακυριεύω	-0.52	0.7071067811865476	-1 1 -1 0
καταλαβαίνω	1.65	0.5773502691896257	0 1 0 0.5
καταλαμβάνω	-1.33	0.0	-1 0 -1 0
κατάνυξη	3.34	0.0	1 1 1 1
καταξοδεύω	-1.18	0	-1 0 -1 -1
καταπίνω	-1.72	0.0	-1 0 -1 0
καταπνίγω	-2.57	0.0	-1 0 -1 0
κατάπνιξη	-2.46	0.0	-1 0 -1 0
καταπράυνση	2.29	0.5	1 0 1 1
κατασβήνω	-1.06	0.0	-1 0 -1 0
κατασιγάζω	-0.82	0.0	0 0 -1 -0.5
κατασκευάζω	1.65	0.5	1 0 0 0
κατασκεύασμα	-1.76	0.0	-1 0 -1 0
κατασκευή	0.27	0.0	0 0 0 0
κατάσκοπος	-2.19	0.0	-1 0 -1 0
κατασταλάζω	1.44	0.5	1 0 0 0
κατάστιχο	-2.36	0	-1 0 -1 -1
κατατρομάζω	-2.95	0	-1 -1 -1 -1
καταϋποχρεώνω	-1.35	0	-0.5 -1 -1 -0.5
καταφέρνω	2.61	0.5	1 1 0 1
καταχαρούμενος -η -ο	3.7	0.0	1 1 1 1
κατάψυξη	-0.91	0.0	0 0 -1 0
κατεβάζω	-0.05	0.0	0 0 0 0
κατεργάρης	-2.12	0	-1 0 -1 -1
κατευνάζω	2.55	0.5	1 0 1 1
κατέχω	-0.76	0.0	-0.5 0 -1 0
κάτι	0.27	0.0	0 0 0 0
κατίνα	-2.63	0	-1 -1 -1 -1
κατοικοεδρεύω	-0.69	0.0	0 0 -1 0
κατόρθωμα	0.54	0.5773502691896257	0 0 -1 1
κατουρλιάρης	-2.74	0	-1 -1 -1 -1
κατουρώ	-2.49	0	-0.5 -1 -1 -1
κατρουλιάρης	-2.74	0	-1 -1 -1 -1
κατσικοκλέφτης	-2.83	0	-1 -1 -1 -1
κατώτερος -η -ο	-2.08	0	-1 0 -1 -1
κατωτερότητα	-2.12	0	-1 0 -1 -1
κατώφλι	-1.01	0.0	-1 0 0 0
καύλα	4.0	0.0	1 1 1 1
καυλί	-1.7	0	-1 0 -1 -0.5
καυλιάρης	-0.97	0.7071067811865476	-1 0 -1 1
καυλιτζέκι	-1.8	0	-1 0 -1 -0.5
καυλιτσέκι	-1.8	0	-1 0 -1 -0.5
καυλώνω	1.38	0.0	0.5 1 -1 1
καύσος	-1.23	0.0	-1 0 -1 0
καφενόβιος	-1.55	0.0	-1 0 -1 0
κάψιμο	-2.25	0	-1 0 -1 -1
κειμήλιο	2.51	0.5	1 0 1 1
κεκές	-1.55	0.0	-1 0 -1 0
κεκράκτης	-2.29	0	-1 0 -1 -1
κεκράχτης	-1.61	0.0	0 0 -1 -1
κελεπούρι	0.95	0.5773502691896257	1 0 -1 1
κενό	-2.02	0.0	-1 0 -1 0
κεντρίζω	2.29	0.5773502691896257	1 0 1 0
κεντώ 	0.59	0.0	0 0 0 0
κερασοφόρος	-1.23	0.0	0 0 -1 0
κερατάς	-2.74	0	-1 -0.5 -1 -1
κερατάς	-1.95	0	0 -0.5 -1 -1
κέρατο	-2.68	0	-1 0 -1 -1
κερδίζω	3.38	0.0	1 1 1 1
κεφαλή	-0.05	0.0	0 0 0 0
κεχαγιάς	-2.36	0	0 -1 -1 -1
κηδεμονεύω	-2.25	0	-1 0 -1 -1
κηδεμονία	-2.25	0	-1 0 -1 -1
κιμωλία	-1.33	0.0	-1 0 0 0
κίναιδος	-2.74	0	-1 -1 -1 -1
κιναισθησία	0.27	0.0	0 0 0 0
κιναισθητικός -ή -ό	0.27	0.0	0 0 0 0
κινώ	1.55	0.5	1 0 0 0
κιτρινιάρης	-2.44	0	-1 0 -1 -1
κλαίω	-3.23	0	-1 -1 -1 -1
κλανιάρης	-3.32	0	-1 -1 -1 -1
κλάνω	-2.55	0	-1 0 -1 -1
κλαπάτσα	-2.51	0	-1 0 -1 -1
κλασικός	0.27	0.0	0 0 0 0
κλάσιμο	-2.91	0	-1 -1 -1 -1
κλείνω	0.27	0.0	0 0 0 0
κλειστός -ή -ό	-1.23	0.0	-1 0 -1 0
κλεφτάκος	-2.95	0	-1 -1 -1 -1
κλεφταράς	-3.49	0	-1 -1 -1 -1
κλεφταρού	-3.36	0	-1 -1 -1 -1
κλέφτης	-3.42	0	-1 -1 -1 -1
κλεφτράκος	-3.04	0	-1 -1 -1 -1
κλεφτρού	-3.15	0	-1 -1 -1 -1
κλίκα	-2.72	0	-1 -1 -1 -1
κλινικά	-1.5	0.0	-1 0 -1 0
κλινικός	-2.04	0	-1 0 -1 -1
κλοτσοπατινάδα	-2.12	0	-1 0 -1 -1
κλωτσοπατινάδα	-2.12	0	-1 0 -1 -1
κνώδαλο	-2.95	0	-1 -1 -1 -1
κόβω	-1.87	0.0	-1 0 0 0
κοιλαράς	-2.83	0	-1 -1 -1 -1
κοιναισθησία	0.27	0.0	0 0 0 0
κοινός -ή -ό	-1.08	0.0	-1 0 -1 0
κοινότητα	1.93	0.5773502691896257	1 0 1 0
κοκαλιάρης	-2.4	0	-1 -1 -1 0
κοκίτης	-2.08	0.0	-1 0 -1 0
κοκκινίζω	-0.86	0	1 -1 -1 -0.5
κοκόνα	-0.16	0.0	1 -1 -1 1
κοκορομαχία	-2.12	0	-1 0 -1 -1
κολακεύω	0.48	0.5773502691896257	0 0 -1 1
κολέγιο	-1.55	0.0	-1 0 -1 0
κολλώ	-2.02	0	-1 -1 -1 0
κολομπαράς	-3.06	0	-1 -1 -1 -1
κολούμπρα	-2.34	0	-1 -1 -1 -0.5
κόμης	-1.76	0.0	-1 0 -1 0
κομμάρα	-1.55	0.0	-1 0 -1 0
κομματόσκυλο	-3.13	0	-1 -1 -1 -1
κομμούνα	-2.46	0	-1 -1 -1 0
κομμούνι	-3.02	0	-1 -1 -1 -1
κομμουνιστοσυμμορίτης	-3.06	0	-1 -1 -1 -1
κομπανία	-0.48	0.7071067811865476	1 -1 -1 0
κόμπλεξ	-2.72	0	-1 -1 -1 -1
κομπογιαννίτης	-2.93	0	-1 -1 -1 -1
κονδυλοφόρος	-2.25	0	-1 -1 -1 0
κοντοβράκι	-1.97	0	-1 0 -1 -1
κοπάδι	-2.7	0	-1 -1 -1 -1
κοπρο-	-2.55	0	-1 -1 -1 0
κοπρολόγος	-2.29	0	-1 0 -1 -1
κοπρόσκυλο	-3.1	0	-1 -1 -1 -1
κοράκι	-2.34	0	-1 -1 -1 0
κορδώνω	-0.84	0	-1 -1 -1 1
κορεννύω	-1.65	0.0	-1 0 -1 0
κορεσμός	-0.65	0.7071067811865476	-1 1 -1 0
κορμάκι	2.36	0.5773502691896257	1 0 1 0
κορμάρα	3.47	0.0	1 1 1 1
κορμί	2.61	0.5	1 0 1 1
κορτάκιας	-1.97	0	0 -1 -1 -1
κοσμάκης	-2.36	0	-1 0 -1 -1
κουδούνι	-1.33	0.0	0 0 -1 0
κουιντέτο	-1.12	0.0	0 0 -1 0
κουκί	-0.91	0.0	0 0 -1 0
κουκί	-0.91	0.0	0 0 -1 0
κουκούλωμα	-2.12	0.0	-1 0 -1 0
κουκουλώνω	-2.25	0.0	-1 0 -1 0
κουλός	-2.36	0	-1 0 -1 -1
κουλός	-1.61	0.0	0 0 -1 -1
κουλοχέρης	-2.19	0.0	-1 0 -1 0
κουλτουριάρης	-1.65	0.0	-1 0 -1 0
κουμάσι	-3.15	0	-1 -1 -1 -1
κουμμούνι	-2.85	0	-1 -1 -1 -1
κουνιστός	-2.63	0	-1 -1 -1 -1
κουράδα	-3.13	0	-1 -1 -1 -1
κουράζω	-2.63	0	-1 -1 -1 -1
κουραμπιές	-2.29	0	-1 -1 -1 0
κούραση	-2.61	0	-1 -1 -1 -1
κουρκουτιάζω	-2.44	0	-1 -1 -1 -1
κουστωδία	-2.51	0	-1 -1 -1 -1
κουταμάρα	-2.23	0	-1 0 -1 -1
κουτσαμάρα	-2.7	0	-1 -1 -1 -1
κούτσουρο	-2.46	0	-1 -1 -1 0
κουφοβράζω	-1.7	0	-1 0 -1 -0.5
κοχλάζω	-1.48	0	-1 0 -1 -0.5
κόψιμο	-2.25	0.0	-1 0 0 -1
κρασο-	-1.61	0.0	-1 0 -1 0
κρασοκατάνυξη	0.01	0.5773502691896257	1 0 -1 0
κρατώ	0.27	0.0	0 0 0 0
κρεβατομουρμούρα	-2.55	0	-1 -1 -1 -1
κρέμομαι	-1.33	0.0	-1 0 -1 0
κρεπάρω 	-2.85	0	-1 -1 -1 -1
κρίση 	-2.46	0	-1 0 -1 -1
κρυάδα	-2.14	0	-1 0 -1 -1
κρύβω	-1.4	0.0	-1 0 -1 0
κρύο	-1.87	0	-1 0 -1 -1
κρύος -α -ο	-2.59	0	-1 -1 -1 -1
κρυφοκαμαρώνω	3.59	0.0	1 1 1 1
κρυφός -ή -ό	-1.65	0.0	-1 0 -1 0
κρυώνω	-2.53	0	-1 -1 -1 -1
κτήνος	-3.77	0	-1 -1 -1 -1
κυβερνήτης	-1.01	0.0	0 0 -1 0
κύκλωμα	-2.29	0	-1 -1 -1 0
κύμα	0.16	0.0	0 0 0 0
κυνικός  -ή -ό	-2.25	0	-1 0 -1 -1
κυράτσα	-2.93	0	-1 -1 -1 -1
κυριαρχία	-0.76	0.7071067811865476	-1 0 -1 1
κυριαρχώ	-0.63	0.7071067811865476	-1 0 -1 1
κυριεύω	-1.72	0.0	-1 0 -1 0
κυρούλα	0.84	0.0	1 1 -1 0.5
κωλοβαράω	-2.57	0	-1 0 -1 -1
κωλογλείφτης	-3.15	0	-1 -1 -1 -1
κωλογλείφω	-3.15	0	-1 -1 -1 -1
κωλοδάχτυλο	-3.19	0	-1 -1 -1 -1
κωλομέρι	-2.34	0	-1 0 -1 -1
κωλοτρυπίδα	-2.34	0	-1 0 -1 -0.5
κωλοχανείο	-3.19	0	-1 -1 -1 -1
κωλόχαρτο	-3.08	0	-1 -1 -1 -1
κωλόχαρτο	-2.55	0	0 -1 -1 -1
κωλόχαρτο	-2.55	0	0 -1 -1 -1
λάβρα	-0.86	0	-1 1 -1 -1
λαλώ	-1.18	0.0	-0.5 0 -1 0
λαμποκοπώ	3.25	0.5	1 1 1 0
λάμπω	3.25	0.5	1 1 1 0
λάμψη	3.1	0.5	1 1 1 0
λαουτζίκος	-2.19	0	-1 0 -1 -1
λαουτζίκος	-1.44	0.0	0 0 -1 -1
λαπάς	-2.68	0	-1 -1 -1 -1
λάσπη	-2.72	0	-1 -1 -1 -1
λαχταρώ	1.38	0.0	-1 0.5 1 1
λείπω	-1.23	0.0	0 -1 0 0
λειτούργημα	2.14	0.5773502691896257	1 0 1 0
λεπταισθησία	2.4	0.5	1 0 1 1
λεπταίσθητος -η -ο	2.46	0.5	1 0 1 1
λεπτός -ή -ό	2.19	0.5773502691896257	1 0 1 0
λέω	1.33	0.5	0 1 0 0
λησμονιά	-2.25	0	-1 0 -1 -1
λησμονιέμαι	-2.25	0	-1 0 -1 -1
λησμονώ	-2.25	0	-1 0 -1 -1
λιγούρα	-0.59	0	-1 1 -1 -0.5
λιγουρεύομαι	-0.54	0	-1 1 -1 -0.5
λιγούρης	-2.53	0	-1 -1 -1 -1
λιγώνω	-1.87	0	-1 -0.5 -1 -1
λιλί	-1.65	0	-0.5 0 -1 -1
λιμάρης	-2.78	0	-1 -1 -1 -1
λιμάρικος	-2.74	0	-1 -1 -1 -1
λιμπίζομαι	2.46	0.0	1 1 0.5 1
λογάκι	-1.53	0	-1 0 -1 -0.5
λογοκρατούμαι	-1.44	0.0	-1 0 -1 0
λόγος	-1.29	0.0	-1 0 -1 0
λογύδριο	-2.08	0	-1 0 -1 -1
λοιπόν	-0.05	0.0	0 0 0 0
λόρδα	-1.53	0	-1 0 -1 -0.5
λουλουδάκι	1.08	0.5773502691896257	1 0 -1 1
λουλούδι	0.22	0.0	1 -1 -1 1
λύνω	0.27	0.0	0 0 0 0
λύπη	-3.02	0	-1 -1 -1 -1
λύπηση	-3.06	0	-1 -1 -1 -1
λυπητερός -ή -ό	-3.02	0	-1 -1 -1 -1
λυπώ	-3.06	0	-1 -1 -1 -1
λυρικός -ή -ό	0.05	0.0	0 0 0 0
λυρισμός	0.16	0.0	0 0 0 0
λωποδύτης	-2.68	0	-1 0 -1 -1
μα 	0.27	0.0	0 0 0 0
μαγαζί	-1.01	0.0	-0.5 0 -1 0
μαγάρα	-2.83	0	-1 -1 -1 -1
μαγκούφης	-2.72	0	-1 -1 -1 -1
μαγκώνω	-1.87	0	-1 -1 -1 0
μαθές	-1.93	0	-1 0 -1 -1
μαθές	-1.33	0.0	0 0 -1 -1
μάθημα	-0.59	0.0	0 0 0 0
μαθηματάκι	-1.53	0	-1 0 -1 -0.5
μαθητοπατέρας	-2.08	0	-1 0 -1 -1
μαθητούδι	-1.74	0	-1 0 -1 -0.5
μαϊδανός	-2.63	0	-1 -1 -1 -1
μαϊμουδιάρης	-2.7	0	-1 -1 -1 -1
μαϊντανός	-2.63	0	-1 -1 -1 -1
μακάριος	-0.48	0	-1 1 -1 -0.5
μακαρίτικος	-2.12	0	-1 0 -1 -1
μακαρίως	-1.03	0	-1 1 -1 -1
μακαρονάς	-1.5	0.0	-1 0 -1 0
μαλάκας	-3.51	0	-1 -0.5 -1 -1
μαλακισμένος	-3.45	0	-1 -0.5 -1 -1
μαλακιστήρι	-3.4	0	-1 -0.5 -1 -1
μάλαμα	2.83	0.5	1 0 1 1
μαλλιαρισμός	-2.44	0	-1 -0.5 -1 -1
μαλλιαρός	-1.74	0	-1 -0.5 -1 0
μαλλιάς	-1.8	0	-1 0 -1 -0.5
μαμμωνάς	-2.85	0	-1 -1 -1 -1
μαμόθρεφτος	-2.74	0	-1 -1 -1 -1
μαμουνιάρης	-2.36	0	-1 0 -1 -1
μανδαρίνος	-2.68	0	-1 -1 -1 -1
μανία	-1.55	0	-1 -0.5 -1 -0.5
μανιερισμός	-1.48	0.0	-1 0 -1 0
μανίκι	-1.27	0.0	-1 0 -1 0
μαντεύω	0.05	0.0	0 0 0 0
μάντης	-1.33	0	-1 0 -1 -0.5
μάντισσα	-1.33	0	-1 0 -1 -0.5
μαντραχαλάς	-2.23	0	-1 0 -1 -1
μαντράχαλος	-2.23	0	-1 0 -1 -1
μαντρόσκυλο	-3.19	0	-1 -1 -1 -1
μαούνα	-2.36	0	-1 -1 -1 0
μάπας	-2.81	0	-1 -1 -1 -1
μαρμαρώνω	-2.08	0	-1 -1 -1 0
μασκαράς	-1.35	0	-0.5 -1 -1 -0.5
μασονία	-2.57	0	-1 0 -1 -1
μασόνος	-2.72	0	-1 0 -1 -1
μαστάρι	-1.93	0	-1 0 -1 -1
μαστρο-	0.27	0.0	0 0 0 0
μαστροχαλαστής	-2.44	0	-1 -1 -1 -1
ματάκιας	-2.95	0	-1 -1 -1 -1
μαυροτσούκαλο	-2.51	0	-1 -1 -1 -1
μαυροφορούσα	-1.44	0.0	-1 0 -1 0
μαφία	-2.72	0	-1 0 -1 -1
μαφιόζικος	-2.72	0	-1 0 -1 -1
μαφιόζος	-2.72	0	-1 0 -1 -1
μεγαλόσχημος	-1.55	0.0	-1 0 -1 0
μεγαλουσιάνος	-2.61	0	-1 -1 -1 -1
μεδούλι	-1.12	0.0	-1 0 0 0
μέθη	2.98	0.0	0.5 1 1 1
μεθοκοπώ	-2.12	0	-1 -1 -1 -0.5
μεθυσμένος -η -ο	-1.01	0.0	-0.5 0 -1 0
μεθύστακας	-3.06	0	-1 -1 -1 -1
μεθυστικός -ή -ό	3.51	0.0	1 1 1 1
μεθώ	1.87	0.7071067811865476	0.5 1 0.5 0
μείγμα	0.01	0.0	0 0 0 0
μείον	-1.55	0.0	-1 0 -1 0
μειονεκτικότητα	-2.53	0	-1 -1 -1 -1
μελαγχολία	-2.72	0	-1 -1 -1 -1
μελαγχολικός -ή -ό	-2.72	0	-1 -1 -1 -1
μελό	-2.12	0	-1 0 -1 -1
μελοδραματισμός	-2.14	0	-1 0 -1 -1
μεξιοβάρβαρος	-1.44	0.0	0 0 -1 0
μεράκι	3.55	0.0	1 1 1 1
μερακλώνω	3.68	0.0	1 1 1 1
μεταμελούμαι	-2.12	0	-1 -1 0 -1
μετανοώ	-2.04	0	-1 -1 0 -1
μετείκασμα	0.27	0.0	0 0 0 0
μέτρο	-0.8	0.0	0 0 0 0
μικροαστός	-2.02	0	-1 0 -1 -1
μικρομέγαλος	-2.19	0	-1 0 -1 -1
μικροπρεπής -ής -ές	-2.29	0	-1 0 -1 -1
μικρότητα	-2.25	0	-1 0 -1 -1
μιλώ	0.27	0.0	0 0 0 0
μισάνθρωπος -η -ο	-2.98	0	-1 -1 -1 -1
μισθοφόρος	-1.65	0.0	-1 0 -1 0
μίσος	-3.36	0	-1 -1 -1 -1
μισώ	-3.42	0	-1 -1 -1 -1
μνημείο	1.61	0.5773502691896257	1 0 0.5 0
μνημειώδης	1.91	0.7071067811865476	0.5 0 0.5 1
μνησικακία	-3.17	0	-1 -1 -1 -1
μνησικακώ	-3.17	0	-1 -1 -1 -1
μοιράζω	0.27	0.0	0 0 0 0
μόμολο	-2.83	0	-1 -1 -1 -1
μονάζω	-1.16	0.0	-1 0 -1 0
μοναξιά	-2.14	0	-1 0 -1 -1
μοναρχοφασίστας	-3.55	0	-1 -1 -1 -1
μονιμάς	-2.72	0	-1 -1 -1 -1
μόνος -η -ο	-1.4	0.0	-1 0 -1 0
μορμολύκειο	-2.78	0	-1 -1 -1 -1
μορφασμός	-1.97	0	-1 0 -1 -1
μουγγός -ή -ό	-1.87	0	-1 -1 -1 0
μουδιάζω	-2.29	0	-1 -1 -1 0
μουλάρα	-3.25	0	-1 -1 -1 -1
μουλάρι	-3.13	0	-1 -1 -1 -1
μούλικος	-2.83	0	-1 -1 -1 -1
μούλος	-3.08	0	-1 -1 -1 -1
μουνί	-2.93	0	-1 -0.5 -1 -1
μουνί	-2.34	0	0 -0.5 -1 -1
μουνόπανο	-3.47	0	-1 -1 -1 -1
μουνόπανο	-2.89	0	0 -1 -1 -1
μουνόψειρα	-3.34	0	-1 -1 -1 -1
μούργος	-2.21	0	-1 -1 -1 -0.5
μούρη	-1.01	0.7071067811865476	-1 0 -1 1
μουσικάντης	-1.93	0	-1 0 -1 -1
μούσμουλο	-2.29	0	-1 -1 -1 0
μουστόγρια	-3.06	0	-1 -1 -1 -1
μούτρο	-0.97	0	-0.5 -1 -1 1
μουτρωμένος -η -ο	-2.93	0	-1 -1 -1 -1
μουτρώνω	-2.91	0	-1 -1 -1 -1
μοφρονιός	-1.53	0	-1 0 -1 -0.5
μπα	-2.36	0	-1 -0.5 -1 -0.5
μπαγασάκος	-0.82	0	-1 1 -1 -0.5
μπαγασάκος	0.05	0.5773502691896257	0 1 -1 0
μπαγάσας	-0.95	0	-1 1 -1 -0.5
μπαγάσας	-0.01	0.5773502691896257	0 1 -1 0
μπαγάσικος	-0.82	0	-1 1 -1 -0.5
μπαγκατέλα	-2.59	0	-1 -1 -1 -1
μπάζο	-3.02	0	-1 -1 -1 -1
μπάζω	0.27	0.0	0 0 0 0
μπαϊλντίζω	-2.46	0	-1 0 -1 -1
μπαινάκης βγαινάκης	-2.4	0	-1 -1 -1 -0.5
μπακαλοτέφτερο	-2.49	0	-1 -1 -1 -1
μπακαλόχαρτο	-2.49	0	-1 -1 -1 -1
μπακατέλα	-2.63	0	-1 -1 -1 -1
μπαλαντέρ	-0.48	0.7071067811865476	-1 -1 1 0
μπαλάντζας	-2.68	0	-1 -1 -1 -1
μπάμιας	-2.78	0	-1 -1 -1 -1
μπαμπαλής	-2.68	0	-1 -1 -1 -1
μπαμπόγερος	-2.78	0	-1 -1 -1 -1
μπαμπόγρια	-2.78	0	-1 -1 -1 -1
μπάμπω	-2.83	0	-1 -1 -1 -1
μπανάκι	2.89	0.5	1 0 1 1
μπανανία	-2.23	0	-1 0 -1 -1
μπασκίνας	-3.13	0	-1 -1 -1 -1
μπασκλάς	-2.68	0	-1 -1 -1 -1
μπασκλασαρία	-2.68	0	-1 -1 -1 -1
μπαστάρδικος	-2.49	0	-1 0 -1 -1
μπάσταρδος	-2.59	0	-1 0 -1 -1
μπαστουνόβλαχος	-2.51	0	-1 0 -1 -1
μπατσαρία	-3.06	0	-1 -1 -1 -1
μπατσικό	-3.02	0	-1 -1 -1 -1
μπατσίνα	-3.06	0	-1 -1 -1 -1
μπάτσος	-3.06	0	-1 -1 -1 -1
μπάτσος	-2.44	0	0 -1 -1 -1
μπαφιάζω	-2.98	0	-1 -1 -1 -1
μπαφιασμένος -η -ο	-2.98	0	-1 -1 -1 -1
μπεκρής	-2.89	0	-1 -1 -1 -1
μπεκροκανάτα	-2.95	0	-1 -1 -1 -1
μπεκρολογώ	-2.38	0	-1 -1 -1 -0.5
μπεκροπίνω	-2.59	0	-1 -1 -1 -1
μπεκρουλιάζω	-2.59	0	-1 -1 -1 -1
μπεκρούλιακας	-3.02	0	-1 -1 -1 -1
μπερδεύω	0.27	0.0	0 0 0 0
μπλαζέ	-2.29	0	-1 0 -1 -1
μπλοκάρω	-1.72	0	-1 -1 -1 0
μπούλης	-2.7	0	-1 -1 -1 -1
μπουμπουκάκι	2.76	0.5	1 0 1 1
μπουμπούκι	1.95	0.0	1 -1 1 1
μπουντρούμι	-2.23	0	-1 0 -1 -1
μπουρδελιάρης	-3.08	0	-1 -1 -1 -1
μπουρδέλο	-2.72	0	-1 0 -1 -1
μπουρζουαζία	-2.72	0	-1 -1 -1 -1
μπουρζουάς	-2.78	0	-1 -1 -1 -1
μπουρτζόβλαχος	-3.13	0	-1 -1 -1 -1
μπουχτίζω	-3.1	0	-1 -1 -1 -1
μπράβο	2.83	0.0	0.5 1 0.5 1
μπράβος	-2.23	0	-1 -1 -1 0
μυϊκός -ή -ό	0.27	0.0	0 0 0 0
μυξοκλαίω	-2.68	0	-1 0 -1 -1
μυριάκριβος	2.38	0.5	1 0 1 1
μυρμηγκιάζω	0.27	0.0	0 0 0 0
μυρωδιά	0.86	0.0	0 0 0 0
μυστικοσύμβουλος	-1.33	0.0	-1 0 -1 0
μωρέ	-1.95	0	-1 -0.5 -1 -0.5
μωρή	-3.27	0	-1 -1 -1 -1
να 	-2.29	0	-1 -0.5 -1 0
ναός	-0.37	0.0	-0.5 0 -1 0
νάρκωση	-1.48	0.0	-1 0 -1 0
ναυτία	-2.83	0	-1 -1 -1 -1
ναυτόπουλο	-1.53	0	-1 0 -1 -0.5
νεκροκεφαλή	-2.19	0.0	-1 0 -1 0
νεκρώνω	-2.51	0	-1 -1 -1 0
νέκρωση	-1.8	0.0	-1 0 -1 0
νεροκουβαλητής	-2.12	0	-1 -1 -1 0
νερόπλυμα	-2.59	0	-1 -1 -1 -1
νεροχύτης	-1.55	0.0	-1 0 0 0
νευρικός -ή / -ιά -ό	-2.68	0	-1 -1 -1 -1
νεφρό	0.27	0.0	0 0 0 0
νηφάλιος -α -ο	2.83	0.0	1 1 1 1
νιάνιαρο	-2.04	0	-1 0 -1 -1
νιαουρίζω	-2.68	0	-1 -1 -1 -1
νιαούρισμα	-2.68	0	-1 -1 -1 -1
νιάτο	1.29	0.5773502691896257	1 0 -1 1
νιώθω	0.37	0.0	0 0 0 0
νόηση	0.27	0.0	0 0 0 0
νοησιαρχία	0.27	0.0	0 0 0 0
νοικοκυρίστικος	0.48	0.5773502691896257	1 0 -1 0
νοσταλγώ	-2.23	0	-1 -1 -1 -0.5
νόστος	0.18	0.0	-1 1 -1 1
νούλα	-2.72	0	-1 -1 -1 -1
νους	0.27	0.0	0 0 0 0
νταλκαδιάζω	0.39	0.0	-1 1 -1 1
νταντεύω	-1.91	0	-1 0 -1 -1
ντελίριο	-0.69	0	-1 1 -1 -0.5
ντενεκές	-2.83	0	-1 -1 -1 -1
ντερλικώνω	-1.55	0	-1 0 -1 -0.5
ντιλετάντης	-2.42	0	-1 -1 -1 -1
ντορής	-0.44	0.0	-1 0 -0.5 0
ντουέτο	-0.76	0.0	-0.5 0 -1 0
ντουλάπα	-2.14	0	-1 -1 -1 0
ντρέπομαι	-2.44	0	-1 -1 -1 -1
ντροπαλός -ή -ό	-2.36	0	-1 -1 -1 -1
ντροπή	-2.63	0	-1 -1 -1 -1
νυκτωδία	-1.33	0.0	-1 0 -1 0
νυμφίδιο	-2.25	0	-1 0 -1 -1
νυμφίος	-1.61	0.0	-1 0 -1 0
νυμφοπάζαρο	-2.04	0	-1 -1 -1 0
νυστάζω	-1.8	0	-1 0 -1 -1
νυσταλέος	-1.87	0	-1 0 -1 -1
νυφοπάζαρο	-2.04	0	-1 -1 -1 0
ξαναγεννώ	2.91	0.5773502691896257	1 0.5 1 0
ξάναμμα	-0.42	0	-1 -0.5 -1 1
ξανανιώθω	2.49	0.5773502691896257	1 0 1 0.5
ξεβγάζω	0.05	0.5	1 0 0 0
ξεγελώ	-1.4	0.0	-1 0 -1 0
ξεθυμαίνω	0.16	0.5773502691896257	1 0 -1 0
ξεκουράζω	2.68	0.5	1 0 1 1
ξεκρέμαστος -η -ο	-1.72	0	-1 0 -1 -1
ξενίζω	-1.61	0	-1 0 -1 -1
ξενοκίνητος	-2.12	0	-1 0 -1 -1
ξενόφοβος -η -ο	-3.04	0	-1 -1 -1 -1
ξεπατικοτούρα	-2.04	0	-1 0 -1 -1
ξεπατικώνω	-2.02	0	-1 0 -1 -1
ξεπατικωτούρα	-2.04	0	-1 0 -1 -1
ξεπλένω	-1.91	0	-1 0 -1 -1
ξερνώ	-3.19	0	-1 -1 -1 -1
ξεροκόμματο	-2.29	0	-1 0 -1 -1
ξερός	-2.23	0	-1 -1 -1 0
ξερός -ή -ό	-1.65	0.0	0 -1 -1 0
ξέρω	0.27	0.0	0 0 0 0
ξεσκίζω	-2.17	0	-1 -0.5 -1 -0.5
ξεσπώ	-2.46	0	-1 -1 -1 -0.5
ξετρελαίνω	3.59	0.0	1 1 1 1
ξεφτίλας	-2.98	0	-1 -1 -1 -1
ξεφτιλίζω	-2.06	0	-1 0 -1 -0.5
ξεφτιλίζω	-1.4	0.0	0 0 -1 -0.5
ξεφτιλισμένος	-3.15	0	-1 -1 -1 -1
ξεχειλίζω	-2.76	0	-1 -1 -1 -0.5
ξεχνώ	-1.61	0.0	-1 0 -1 0
ξινίζω	-2.63	0	-1 -1 -1 -1
ξόανο	-2.89	0	-1 -1 -1 -1
ξυλιάζω	-1.97	0	-1 0 -1 -1
ξυλοπόδαρος	-2.04	0	-1 -1 -1 0
ξύνω	-1.8	0.0	-1 0 -1 0
ξυπνώ	-1.5	0.0	-1 0 -1 0
οθωμανικός	-1.61	0.0	-1 0 -1 0
οικονομίστικος	-1.48	0.0	-1 0 -1 0
οικοπεδοφάγος	-2.55	0	-1 0 -1 -1
οικτίρω	-3.15	0	-1 -1 -1 -1
οίκτος	-2.98	0	-1 -1 -1 -1
οιστρήλατος -η -ο	2.7	0.5773502691896257	1 0 1 0.5
οιστρηλατώ	2.7	0.5773502691896257	1 0 1 0.5
οίστρος	3.47	0.0	1 1 1 1
οκτάωρος -η -ο	0.27	0.0	0 0 0 0
ολκή	-0.05	0.5773502691896257	0 0 -1 1
ολονυκτία	-1.72	0.0	-1 0 -1 0
ολονυχτία	-1.72	0.0	-1 0 -1 0
ομοιοπαθής -ής -ές	-0.97	0.0	-1 0 -1 0
ομόνοια	2.57	0.5	1 1 1 0
ομορφονιός	-0.59	0.7071067811865476	-1 0 -1 1
όμως	-0.05	0.0	0 0 0 0
όνειρο	2.19	0.5773502691896257	0.5 1 1 0
ονείρωξη	0.27	0.0	0 0 0 0
οπ αρτ	0.27	0.0	0 0 0 0
οπαδός	-1.76	0.0	-1 0 -1 0
οπερέτα	-1.91	0.0	-1 0 -1 0
οπλισμός	-0.16	0.0	0 0 0 0
οποίος	0.27	0.0	0 0 0 0
οπτικός -ή -ό	0.27	0.0	0 0 0 0
όραση	0.27	0.0	0 0 0 0
οργανικός -ή -ό	-0.8	0.0	0 0 -1 0
ορδή	-1.91	0.0	-1 0 -1 0
ορδή	-1.44	0.0	0 0 -1 0
ορεξάτος	3.45	0.0	1 1 1 1
ορθολογισμός	2.08	0.5773502691896257	1 0 1 0
όρνιο	-3.0	0	-1 -1 -1 -1
ορφανεύω	-2.25	0	-1 -1 -1 0
ορφανός	-2.25	0	-1 -1 -1 0
όσκαρ	2.72	0.5773502691896257	1 0 1 0
οσμή	0.76	0.0	0 0 0 0
όσφρηση	1.76	0.5773502691896257	1 0 1 0
οσφυοκάμπτης	-2.74	0	-1 -1 -1 -1
ούννος	-2.61	0	-1 -1 -1 0
ουρακοτάγκος	-3.02	0	-1 -1 -1 -1
ουράνια	2.93	0.5	1 0 1 1
ουχί	-0.91	0.0	-1 0 -1 0
οφίκιο	-2.12	0	-1 0 -1 -1
οχετός	-2.98	0	-1 -1 -1 -1
όχι	-1.61	0.0	-1 0 -1 0
όχλος	-2.29	0	-1 -1 -1 0
οχού	-2.51	0	-1 -0.5 -1 -1
παγερός -ή -ό	-1.76	0.0	-1 0 -1 0
παγώνω	-2.29	0	-1 -1 -1 0
παζάρι	-1.61	0.0	-1 0 -1 0
παθαίνω	-1.93	0	-1 -0.5 -1 -1
παθητικός -ή -ό	-1.55	0.0	-1 0 -1 0
παθιάζομαι	0.27	0.5773502691896257	-1 0 0 1
παθολογία	0.27	0.0	0 0 0 0
πάθος	-1.06	0	-0.5 0 -1 -0.5
παιγνιδάκι	-1.16	0	-0.5 0 -1 -0.5
παιγνίδι	0.16	0.5773502691896257	1 0 -1 0
παιδαριώδης	-2.51	0	-1 -1 -1 -1
παιδί	-0.54	0.0	-0.5 0 -1 0
παιδικός	-1.44	0.0	-1 0 -1 0
παίζω	1.72	0.5773502691896257	0.5 1 0 0
παιχνιδάκι	0.59	0.5773502691896257	0 0 1 -1
παιχνίδι	2.4	0.5773502691896257	1 0 1 0
παλαβιάρης	-1.74	0	-1 0 -1 -0.5
παλάβρας	-1.74	0	-1 0 -1 -0.5
παλαιοημερολογίτης	-1.76	0.0	-1 0 -1 0
παλαιοημερολογίτικος	-1.65	0.0	-1 0 -1 0
παλαιοντολογικός	-1.65	0.0	-1 0 -1 0
παλαιοντολογικός	-1.65	0.0	-1 0 -1 0
παλάντζας	-2.53	0	-1 -1 -1 -1
παλικαράς	1.18	0.0	1 1 -1 0.5
παλικάρι	2.76	0.0	1 1 1 0.5
παλικαριά	3.15	0.0	1 1 1 1
παλιοπαρέα	2.44	0.5773502691896257	1 0 1 0.5
παλιόχαρτο	-2.85	0	-1 -1 -1 -1
παλληκαράς	1.06	0.0	1 1 -1 0.5
παλληκαριά	2.55	0.0	1 1 0.5 1
παλληκαρού	1.12	0.0	1 1 -1 0.5
πάλλομαι	1.01	0.0	0 0 0 0
παμφάγος	1.91	0.5773502691896257	1 0 1 0
Παναγία	1.48	0.7071067811865476	0.5 0.5 1 0
πανέμορφος	3.68	0.0	1 1 1 1
πανεπιστήμων	-1.85	0	-1 0 -1 -0.5
πανηγύρι	-1.87	0	-1 0 -1 -1
πανηγύρι	-1.33	0.0	0 0 -1 -1
πανηγυρίζω	3.68	0.0	1 1 1 1
πανηγυρικός -ή -ό	3.68	0.0	1 1 1 1
πανηγυρισμός	3.68	0.0	1 1 1 1
πανηγυριτζής	-2.59	0	-1 -1 -1 -1
πανηγυριώτικος	-0.76	0	-1 1 -1 -0.5
πανηγυρτζής	-2.59	0	-1 -1 -1 -1
πάνθεο	2.72	0.5	1 0 1 1
πανί	-2.25	0.0	-1 -1 0 0
πανικός	-2.91	0	-1 -1 -1 -1
παντογνώστης	-2.08	0	-1 0 -1 -1
παντογνώστρια	-2.08	0	-1 0 -1 -1
παπαδαριό	-2.34	0	-1 0 -1 -1
παρα- 	-1.97	0.0	-1 0 -1 0
παραγοντίζω	-1.4	0.0	-1 0 -1 0
παράγω	0.27	0.0	0 0 0 0
παραγωγή	0.27	0.0	0 0 0 0
παράγωγος -η -ο	0.27	0.0	0 0 0 0
παραθερίζω	1.27	0.5773502691896257	1 1 -1 0
παραθερισμός	1.27	0.5773502691896257	1 1 -1 0
παραίσθηση	-1.91	0	-1 0 -1 -1
παραιτώ	-1.4	0.0	-1 0 -1 0
παρακεντές	-2.83	0	-1 -1 -1 -1
παράκρουση	-2.02	0	-1 0 -1 -1
παράξενος -η -ο	-1.97	0	-1 0 -1 -1
παράπονο	-2.63	0	-1 -1 -1 -1
παράσταση	-0.29	0.0	-0.5 0 -1 0
παράτα	-2.72	0	-1 -1 -1 -1
παραφέρομαι	-2.34	0	-1 0 -1 -1
παραφορά	-2.19	0	-1 0 -1 -1
παράφορος -η -ο	2.44	0.5773502691896257	1 0 1 0.5
παρέα	2.72	0.5773502691896257	1 0 1 0
παρείσακτος -η -ο	-2.25	0	-1 0 -1 -1
παρεξήγηση	-1.18	0.0	-1 0 -1 0
παρόρμηση	-1.42	0	-1 0 -1 -0.5
παρουσίαση	0.27	0.0	0 0 0 0
παρτάλι	-2.81	0	-1 -1 -1 -1
παρτσακλός	-2.81	0	-1 -1 -1 -1
πασαλείβω	-1.97	0.0	-1 0 -1 0
πασαλείφω	-1.97	0.0	-1 0 -1 0
πασπαρτού	-1.23	0.0	0 0 -1 -1
παστρικός	-1.46	0	-1 -1 -1 1
πάστωμα	-1.91	0.0	-1 0 -1 0
πάσχω	-2.55	0	-1 0 -1 -1
πατάτας	-2.83	0	-1 -1 -1 -1
πατέντα	1.65	0.5	0 0 1 0
πατεντάτος	0.91	0.5773502691896257	1 0 -1 1
πάτερ φαμίλιας	0.59	0.5773502691896257	-1 0 1 0
πατέρας	2.51	0.5	0 0 1 0
πατερούλης	3.32	0.0	1 1 1 1
πατριωτικός -ή -ό	1.35	0.5773502691896257	0.5 0 1 0
πατσαβούρα	-2.93	0	-1 -1 -1 -1
παχυδερμία	-2.59	0	-1 -1 -1 -1
παχυδερμισμός	-2.12	0	-1 -1 -1 0
παχύδερμος -η -ο	-2.74	0	-1 -1 -1 -1
πεζοδρόμιο	-2.36	0	-1 -1 -1 0
πεθαμενατζής	-2.57	0	-1 0 -1 -1
πεθαμενατζίδικο	-2.57	0	-1 0 -1 -1
πείνα	-2.98	0	-1 -1 -1 -1
πεινάλας	-2.57	0	-1 -1 -1 -1
πειναλέος	-2.61	0	-1 -1 -1 -1
πειναλέος	-2.25	0	0 -1 -1 -1
πεινώ	-2.49	0	-1 -1 -1 -1
πειράζω	-2.42	0	-1 -1 -1 -0.5
πεκούνια	-1.4	0.0	-1 0 -1 0
πενθώ	-3.08	0	-1 -1 -1 -1
πεντάμορφος	3.47	0.0	1 1 1 1
πεποίθηση	1.65	0.5	0 0 1 0
περδικούλα	1.61	0.7071067811865476	0.5 0 1 0.5
πέρδομαι	-2.25	0	-1 0 -1 -1
περιβάλλω	2.04	0.5773502691896257	1 0 1 0
περιγράφω	1.12	0.5	1 0 0 0
περίεργος -η -ο	-1.87	0	-1 0 -1 -1
περικαλώ	-0.16	0.5773502691896257	1 0 -1 0
περίοδος	0.27	0.0	0 0 0 0
περιπαθής -ής -ές	-0.37	0.7071067811865476	-1 0 1 -1
περιποιούμαι	2.17	0.5773502691896257	1 0 1 0.5
περισπούδαστος	-1.72	0	-1 0 -1 -1
περιττολογία	-1.82	0	-1 0 -1 -1
περιφρόνηση	-2.08	0	-1 0 -1 -1
πεσκέσι	-0.27	0.7071067811865476	1 0 -1 -1
πέτρινος -η -ο	-2.4	0	-1 -1 -1 0
πετρώνω	-2.34	0	-1 -1 -1 0
πετσί	-1.91	0.0	-1 0 -1 0
πήζω	-2.72	0	-1 -1 -1 -1
πήξιμο	-2.78	0	-1 -1 -1 -1
πιάνω	0.27	0.0	0 0 0 0
πιατικό	-1.44	0.0	-1 0 -1 0
πίεση	-2.19	0	-1 -1 -1 0
πίκα 	-2.81	0	-1 -1 -1 -1
πίκρα	-3.08	0	-1 -1 -1 -1
πικραίνω	-3.06	0	-1 -1 -1 -1
πικραμένος -η -ο	-3.15	0	-1 -1 -1 -1
πικρία	-3.15	0	-1 -1 -1 -1
πικρίζω	-2.14	0	-1 0 -1 -1
πίκρισμα	-2.14	0	-1 0 -1 -1
πικρός -ή -ό	-2.93	0	-1 -1 -1 -1
πίπα	-2.19	0	-1 0 -1 -1
πλάκα	-0.39	0	-0.5 -0.5 -1 -0.5
πλάκωμα	-2.89	0	-1 -1 -1 -1
πλακώνω	-3.04	0	-1 -1 -1 -1
πλάκωση	-2.78	0	-1 -1 -1 -1
πλαντάζω	-2.85	0	-1 -1 -1 -1
πλασματικός -ή -ό	-0.59	0.0	0 0 -1 0
πλέμπα	-2.89	0	-1 -1 -1 -1
πλημμυρίζω	0.05	0.0	0 0 0 0
πλήξη	-2.51	0	-1 -1 -1 -1
πλήρης -ης -ες	2.61	0.5773502691896257	1 0 1 0
πλήττω 	-2.72	0	-1 -1 -1 -1
πνίγω	-2.68	0	-1 0 -1 -1
πόδι	-0.69	0.0	0 0 0 0
ποδοσφαιροποίηση	-2.19	0	-1 0 -1 -1
ποθώ	3.27	0.0	1 1 1 1
ποίηση	1.55	0.5	1 0 0 0
ποιόν	-0.97	0.0	-0.5 0 -1 0
ποιότητα	1.4	0.5773502691896257	1 0 0.5 0
πολιτικάντης	-2.85	0	-1 -1 -1 -1
πολιτικάντικος	-2.85	0	-1 -1 -1 -1
πολιτικαντισμός	-2.85	0	-1 -1 -1 -1
πολύξερος	-1.91	0	-1 0 -1 -0.5
πονάω	-2.85	0	-1 -1 -1 -1
πονοκεφαλιάζω	-2.61	0	-1 -1 -1 -1
πόνος	-2.81	0	-1 -1 -1 -1
ποντικοκούραδο	-2.57	0	-1 0 -1 -1
πορνογραφία	-2.14	0	-1 0 -1 -1
που 	0.27	0.0	0 0 0 0
πουσταράς	-3.42	0	-1 -1 -1 -1
πουσταριό	-3.45	0	-1 -1 -1 -1
πουσταριό	-2.89	0	0 -1 -1 -1
πούστης	-3.23	0	-1 -0.5 -1 -1
πούστης	-2.72	0	0 -0.5 -1 -1
πουστο-	-3.42	0	-1 -1 -1 -1
πουτσαράς	-1.76	0	-1 1 -1 -1
πούτσος	-2.02	0	-1 0 -1 -0.5
πραγματικότητα	0.27	0.0	0 0 0 0
πραγματισμός	1.29	0.5773502691896257	0.5 0 1 0
πραγματιστής	0.44	0.5773502691896257	-1 0 1 0
πραιτοριανός	-1.76	0.0	-1 0 -1 0
πρακτορείο	-0.91	0.0	0 0 -1 0
πρακτόρευση	-1.55	0.0	-1 0 -1 0
πρακτορεύω	-1.55	0.0	-1 0 -1 0
προ-	0.27	0.0	0 0 0 0
προαίρεση	1.97	0.5773502691896257	1 0 1 0.5
προαισθάνομαι	-0.91	0	-0.5 0 -1 -0.5
προαίσθημα	-0.84	0	-0.5 0 -1 -0.5
προαίσθηση	-0.84	0	-0.5 0 -1 -0.5
προβλέπω	1.82	0.5773502691896257	0.5 0 1 0
πρόβλεψη	1.78	0.5773502691896257	0.5 0 1 0
προβολή	1.55	0.5	0 0 1 0
προέλευση	1.55	0.5773502691896257	0.5 0 1 0
προκόβω	1.12	0.5773502691896257	-1 0 1 1
προκομμένος	2.4	0.5773502691896257	1 0 1 0.5
προκοπή	2.12	0.5773502691896257	0.5 0 1 1
προμάντεμα	-0.61	0.0	-0.5 0 -1 0
προμαντεύω	-0.61	0.0	-0.5 0 -1 0
προμήνυμα	-0.54	0.0	-0.5 0 -1 0
προσευχή	1.46	0.5773502691896257	1 0 0 0.5
προσήλυτος	-1.4	0.0	-1 0 -1 0
προσκύνημα	-1.23	0.0	-0.5 0 -1 0
προσκυνώ	0.16	0.5773502691896257	1 0 -1 0
πρόσοψη	-0.91	0.0	0 0 -1 0
προσπαθώ	2.08	0.5	1 0 0 0
προσποίηση	-1.5	0.0	-1 0 -1 0
προσποιητός -ή -ό	-2.02	0	-1 0 -1 -1
προστατεύω	2.55	0.5	1 0 1 1
προστάτης	1.33	0.5773502691896257	1 0 1 -1
προστάτιδα	1.33	0.5773502691896257	1 0 1 -1
προστάτις	1.33	0.5773502691896257	1 0 1 -1
προστάτρια	1.33	0.5773502691896257	1 0 1 -1
προσυμφωνώ	-1.44	0.0	-1 0 -1 0
προσφέρω	2.44	0.5773502691896257	1 0 1 0
προσωπείο	-1.91	0.0	-1 0 -1 0
προσωπίδα	-1.91	0.0	-1 0 -1 0
προφέσορας	-2.08	0	-1 0 -1 -1
προφήτης	-1.76	0.0	-1 0 -1 0
προφήτισσα	-1.76	0.0	-1 0 -1 0
πρόχειρος	-1.76	0	-1 0 -1 -1
πρώην	-1.44	0.0	0 0 -1 0
πρωτάκι	0.05	0.7071067811865476	-1 0 1 -1
πρωτόγνωρος -η -ο	2.27	0.5773502691896257	1 0 1 0.5
πρωτοπαλίκαρο	2.08	0.5773502691896257	1 0 1 0.5
πύρα	2.4	0.5773502691896257	1 0 1 0
πυργοδέσποινα	-1.93	0	-1 0 -1 -1
πυργοδεσπότης	-1.93	0	-1 0 -1 -1
πυρετός	-1.72	0.0	-1 0 -1 0
πύρινος -η -ο	-1.16	0	-0.5 0 -1 -0.5
πυρπολώ	-1.76	0.0	-1 0 -1 0
πυρώνω	-1.87	0.0	-1 0 -1 0
πύρωση	-0.91	0.7071067811865476	-1 0 -1 1
πωρώνω	-0.84	0	-1 -0.5 -1 1
πώρωση	1.38	0.0	-1 0.5 1 1
πώς	0.27	0.0	0 0 0 0
ραβασάκι	-1.12	0	-0.5 0 -1 -0.5
ραγιάδικος -η -ο	-2.4	0	-1 0 -1 -1
ραγιαδισμός	-2.4	0	-1 0 -1 -1
ραγιάς	-2.91	0	-1 -1 -1 -1
ραγιάς	-2.29	0	0 -1 -1 -1
ραγίζω	-2.36	0	-1 -1 -1 0
ραλίστας	-1.44	0.0	-1 0 -1 0
ραμόλης	-2.78	0	-1 -1 -1 -1
ραμολί	-2.78	0	-1 -1 -1 -1
ραμόλι	-2.36	0	0 -1 -1 -1
ραμολιμέντο	-2.81	0	-1 -1 -1 -1
ρεβεράντζα	-2.23	0	-1 0 -1 -1
ρεβεράντζα	-1.76	0.0	0 0 -1 -1
ρεμπεσκές	-2.72	0	-1 -1 -1 -1
ρεταλάκι	-1.55	0.0	-1 0 -1 0
ρετάλι	-2.23	0	-1 -1 -1 0
ρετσέτα	-1.72	0	-1 0 -1 -1
ρημάδα	-2.78	0	-1 -1 -1 -1
ρημάδι	-2.78	0	-1 -1 -1 -1
ρητορεία	-0.97	0.0	-0.5 0 -1 0
ριγώ	-2.98	0	-1 -0.5 -1 -1
ρόδινος -η -ο	3.17	0.0	1 1 1 1
ρομάντζα	1.74	0.0	1 1 -1 1
ρομαντικός -ή -ό	3.21	0.0	1 1 1 1
ρομαντισμός	3.15	0.0	1 1 1 1
ρότα	1.55	0.5	0 0 1 0
ρουφήχτρα	-2.08	0.0	-1 0 -1 0
ρουφιάνος	-3.47	0	-1 -1 -1 -1
ρωμαίικος	2.14	0.5773502691896257	1 0 1 0
ρωμαίικος	1.55	0.5	0 0 1 0
ρωμιά	2.14	0.5773502691896257	1 0 1 0
ρωμιός	2.14	0.5773502691896257	1 0 1 0
Ρωμιός	2.14	0.5773502691896257	1 0 1 0
ρωμιοσύνη	2.44	0.5	1 1 1 0
σαβούρα	-2.91	0	-1 -1 -1 -1
σαδισμός	-1.97	0	-1 0 -1 -1
σαδιστής	-2.25	0	-1 0 -1 -1
σαδιστικός -ή -ό	-2.25	0	-1 0 -1 -1
σαϊνι	2.31	0.5773502691896257	1 0 1 0.5
σακατιλίκι	-2.14	0	-1 0 -1 -1
σακάτισσα	-2.23	0	-1 0 -1 -1
σαλιαρίζω	-2.7	0	-1 -1 -1 -1
σαλιάρισμα	-2.7	0	-1 -1 -1 -1
σαμιαμίδι	-2.12	0	-1 0 -1 -1
σαμιαμίθι	-2.12	0	-1 0 -1 -1
σαντέζα	-2.57	0	-1 -1 -1 -1
σαπουνόπερα	-2.63	0	-1 -1 -1 -1
σαράβαλο	-2.57	0	-1 -1 -1 -1
σάρκα	-1.72	0.0	-1 0 -1 0
σαρκίο	-1.8	0.0	-1 0 -1 0
σαρξ	-1.8	0.0	-1 0 -1 0
σαστίζω	-2.25	0	-1 -1 -1 -1
σαστισμένος -η -ο	-2.25	0	-1 -1 -1 -1
σβίγκος	-1.61	0.0	-1 0 -1 0
σεβασμός	2.85	0.0	1 1 1 1
σέβομαι	2.83	0.0	1 1 1 1
σεμνύνομαι	2.95	0.0	1 1 1 1
σέρνω	-2.19	0	-1 0 -1 -1
σήμερα	0.27	0.0	0 0 0 0
σιγουριά	2.19	0.5773502691896257	1 0 1 0
σιγώ	-1.76	0	-1 0 -1 -1
σιλικονάτος	-2.51	0	-1 -1 -1 -1
σινάφι	-2.91	0	-1 -1 -1 -1
σιροπιάζω	-1.48	0.0	-1 0 -1 0
σιτεμένος	-2.12	0	-1 0 -1 -1
σιτεύω	-1.61	0.0	-1 0 -1 0
σιχαίνομαι	-2.19	0	-1 1 -1 -1
σιχαμάρα	-2.12	0	-1 1 -1 -1
σιχασιά	-2.12	0	-1 1 -1 -1
σιωπή	-1.06	0.0	-1 0 -1 0
σιωπώ	-1.76	0	-1 0 -1 -1
σκανδαλίζω	-2.21	0	-1 -1 -1 -1
σκανδαλιστικός -ή -ό	-2.21	0	-1 -1 -1 -1
σκασμός	-2.83	0	-1 -1 -1 -1
σκατά	-3.38	0	-1 -1 -1 -1
σκατάκια	-2.57	0	-1 0 -1 -1
σκατένιος	-3.53	0	-1 -1 -1 -1
σκατής	-3.17	0	-1 -1 -1 -1
σκατίλα	-3.3	0	-1 -1 -1 -1
σκατό	-3.19	0	-1 -1 -1 -1
σκατό	-2.55	0	0 -1 -1 -1
σκατόγερος	-3.36	0	-1 -1 -1 -1
σκατόγρια	-3.36	0	-1 -1 -1 -1
σκατοδουλειά	-3.19	0	-1 -1 -1 -1
σκατόλογα	-2.78	0	-1 0 -1 -1
σκατούλα	-2.87	0	-1 0 -1 -1
σκατουλάκι	-2.23	0	-1 0 -1 -0.5
σκατούλι	-2.17	0	-1 0 -1 -0.5
σκατουλίτσα	-2.17	0	-1 0 -1 -0.5
σκατώνω	-2.87	0	-1 0 -1 -1
σκάω	-2.83	0	-1 -1 -1 -1
σκελετός	-1.65	0.0	-1 0 -1 0
σκίρτημα	3.49	0.0	1 1 1 1
σκιρτώ	3.49	0.0	1 1 1 1
σκλαβιά	-2.93	0	-1 -1 -1 -1
σκλάβος	-2.95	0	-1 -1 -1 -1
σκλαβώνω	-0.07	0.0	0 0 0 0
σκοτίζω	-2.49	0	-1 -1 -1 -1
σκουριάζω	-2.02	0	-1 0 -1 -1
σκυλάραπας	-3.45	0	-1 -1 -1 -1
σκυλί	0.97	0.5773502691896257	1 -1 1 0
σκυλί	0.12	0.5773502691896257	0 -1 1 0
σκυλο-	-2.68	0	-1 -1 -1 0
σκυλολόι	-3.06	0	-1 -1 -1 -1
σκυλομούρης	-3.02	0	-1 -1 -1 -1
σμπαραλιάζω	-2.68	0	-1 -1 -1 -1
σόι	-1.4	0.0	-1 0 -1 0
σοκάρω	-2.31	0	-1 -1 -1 -1
σουαρέ	-1.23	0.0	-1 0 -1 0
σουβλιά	-2.04	0	-1 0 -1 -1
σουλιμάς	-2.02	0	-1 0 -1 -1
σουρεάλ	-1.31	0	-1 0 -1 -0.5
σουρεαλιστικός	-1.33	0	-1 0 -1 -0.5
σουτ	-1.48	0	-1 0 -1 -0.5
σουτάρω	-1.82	0	-1 0 -1 -1
σουφραζέτα	-2.51	0	-1 -1 -1 -1
σοφία	2.4	0.5773502691896257	1 0 1 0
σοφολογιότατος	2.19	0.5773502691896257	1 0 1 0.5
σπαράζω	-3.02	0	-1 -1 -1 -1
σπαραξικάρδιος	-2.91	0	-1 -1 -1 -1
σπαραχτικός -ή -ό	-2.85	0	-1 -1 -1 -1
σπίτι	2.93	0.5773502691896257	1 0 1 0
σπιτώνω	-1.91	0	-1 0 -1 -1
σπλαχνικός  -ή -ό	2.59	0.0	1 1 1 1
σπλάχνο	2.89	0.5	1 0 1 1
σπουδαιολόγημα	-1.87	0	-1 0 -1 -1
σπουδαιολογία	-1.87	0	-1 0 -1 -1
σπουδαίος	2.78	0.5	1 0 1 1
σταλάζω	0.05	0.0	0 0 0 0
στατικός -ή -ό	-1.76	0	-1 0 -1 -1
σταχτοπούτα	-2.02	0	-1 0 -1 -1
στέγνα	-1.33	0.0	-1 0 -1 0
στεγνός -ή -ό	-1.44	0.0	-1 0 -1 0
στεγνώνω	-1.38	0.0	-1 0 -1 0
στέκα	-2.08	0	-1 -1 -1 0
στενάχωρος -η -ο	-1.46	0	-1 1 -1 -1
στενοχωρημένος -η -ο	-1.57	0	-1 1 -1 -1
στενοχώρια	-1.57	0	-1 1 -1 -1
στενόχωρος -η -ο	-1.57	0	-1 1 -1 -1
στενοχωρώ	-1.57	0	-1 1 -1 -1
στερεοσκοπία	0.27	0.0	0 0 0 0
στερεότυπος  -η -ο	-1.29	0.0	-1 0 -1 0
στερεοφωνία	0.27	0.0	0 0 0 0
στέρηση	-2.04	0	-1 0 -1 -1
στεριά	2.04	0.5773502691896257	0.5 0 1 0
στερώ	-1.97	0	-1 0 -1 -1
στηθοκοπιέμαι	-2.61	0	-1 -1 -1 -1
στιλάκι	-0.01	0.5773502691896257	0 0 -1 1
στιλιζάρισμα	-1.8	0	-1 0 -1 -1
στιλιζάρω	-1.8	0	-1 0 -1 -1
στίφη	-2.4	0	-1 0 -1 -1
στίφη	-1.91	0.0	0 0 -1 -1
στολίδι	2.95	0.0	1 1 1 1
στοματικός -ή -ό	0.27	0.0	0 0 0 0
στομάχι	-1.82	0.0	0 -1 0 -1
στόμωμα	-1.48	0.0	-1 0 -1 0
στοργή	3.36	0.0	1 1 1 1
στοργικός -ή -ό	3.36	0.0	1 1 1 1
στούμπος	-2.12	0	-1 0 -1 -1
στουμπώνω	-2.04	0	-1 0 -1 -1
στουπί	-1.74	0	-1 0 -1 -0.5
στουρνάρι	-2.81	0	-1 -1 -1 -1
στούρνος	-2.81	0	-1 -1 -1 -1
στραβάδι	-2.7	0	-1 -1 -1 -1
στραβοκάνης	-2.68	0	-1 -1 -1 -1
στραβοκατινιάζω	-2.14	0	-1 0 -1 -1
στραβός	-2.08	0	-1 0 -1 -1
στραβούλιακας	-2.81	0	-1 -1 -1 -1
στραβωμάρα	-2.68	0	-1 -1 -1 -1
στραγγαλίζω	-2.4	0	-1 0 -1 -1
στρατιωτάκι	-2.19	0	-1 0 -1 -1
στρατιώτης	-1.4	0.0	-1 0 -1 0
στρατιωτίνα	-1.5	0.0	-1 0 -1 0
στρατολογία	-1.23	0.0	-1 0 -1 0
στρατός	-1.72	0.0	-1 0 -1 0
στρεβλός -ή -ό	-2.02	0	-1 0 -1 -1
στρογγυλοκάθομαι	-1.87	0	-1 0 -1 -0.5
στυγνός -ή -ό	-2.83	0	-1 -1 -1 -1
στυφός -ή -ό	-2.7	0	-1 -1 -1 -1
συγγενής	2.36	0.5773502691896257	1 0 1 0
συγκεχυμένος -η -ο	-1.7	0	-1 0 -1 -1
συγκίνηση	2.59	0.0	1 0.5 1 0.5
συγκινώ	2.59	0.0	1 0.5 1 0.5
σύγκρυο	-2.85	0	-1 -1 -1 -1
συγχωρώ	2.61	0.5	1 0 1 1
συλλυπούμαι	-2.68	0	-1 -1 -1 -1
συμβαίνει	0.27	0.0	0 0 0 0
συμβία	-1.55	0.0	-1 0 -1 0
συμβολισμός	1.97	0.5773502691896257	1 0 1 0
συμμερίζομαι	2.36	0.5	1 0 1 1
συμμετέχω	2.29	0.5773502691896257	1 0 1 0
συμμετοχή	2.29	0.5773502691896257	1 0 1 0
συμμορίτης	-2.29	0	-1 0 -1 -1
συμμορίτισσα	-2.29	0	-1 0 -1 -1
συμμοριτοπόλεμος	-2.29	0	-1 0 -1 -1
συμπάθεια	3.27	0.0	1 1 1 1
συμπαθής -ής -ές	3.27	0.0	1 1 1 1
συμπαθητικός  -ή -ό	3.27	0.0	1 1 1 1
συμπαθώ	3.27	0.0	1 1 1 1
συμπάσχω	1.16	0.0	1 -1 1 0.5
σύμπλεγμα	-2.04	0	-1 -1 -1 0
συμπόνια	1.08	0.0	1 -1 1 0.5
συμπονώ	1.08	0.0	1 -1 1 0.5
σύμπραξη	1.59	0.5773502691896257	1 0 1 0
σύμπτωμα	-1.55	0.0	-1 0 -1 0
συμφυής -ής -ές	1.4	0.5773502691896257	1 0 0.5 0
συναγωνίζομαι	2.57	0.5773502691896257	1 0 1 0
συναισθάνομαι	2.06	0.5773502691896257	1 0 1 0.5
συναίσθημα	2.06	0.5773502691896257	1 0 1 0.5
συναισθηματικός -ή -ό	2.4	0.0	1 1 1 0.5
συναισθηματικότητα	2.14	0.0	1 0.5 1 0.5
συναισθηματισμός	2.14	0.0	1 0.5 1 0.5
συναίσθηση	1.91	0.5773502691896257	1 0 1 0.5
συναισθησία	1.91	0.5773502691896257	1 0 1 0.5
συναίτερος	0.27	0.5773502691896257	1 0 -1 0
συνδεδεμένος -η -ο	2.04	0.5773502691896257	1 0 1 0
σύνδεσμος	2.55	0.5	1 1 1 0
συνδέω	1.97	0.5773502691896257	1 1 0 0
συνείδηση	2.4	0.5	1 0 1 1
συνειδητός -ή -ό	-0.59	0.0	0 0 -1 0
συνειρμός	-0.97	0.0	-1 0 -1 0
συνεπαίρνω	3.57	0.0	1 1 1 1
συνεσταλμένος -η -ο	-1.1	0	-1 -1 1 -1
συνεταιράκι	3.06	0.0	1 1 1 1
συνεταιράκι	2.36	0.5	0 1 1 1
συνεταίρος	0.65	0.5773502691896257	1 0 -1 0
συνετός -ή -ό	2.23	0.5	1 0 1 1
σύνθημα	1.18	0.5773502691896257	1 0 0.5 0
σύννεφο	-2.51	0	-1 -1 -1 -1
συνοδεία	0.37	0.0	0 0 0 0
συνοδοιπόρος	2.19	0.5773502691896257	1 0 1 0
συνοικέσιο	-1.23	0.0	-1 0 -1 0
συνομοταξία	-1.5	0.0	-1 0 -1 0
συνταγή	-1.23	0.0	-1 0 -1 0
συνταξιούχος	-1.29	0.0	-1 0 -1 0
συντετριμμένος -η -ο	-2.4	0	-1 -1 -1 -1
συντεχνία	-1.65	0.0	-1 0 -1 0
συντεχνιακός	-1.65	0.0	-1 0 -1 0
συντηρητικός	-1.4	0.0	-1 0 -1 0
συντροφεύω	2.7	0.0	1 1 1 1
συντρόφι	-1.48	0	-1 0 -1 -0.5
συντρόφι	-1.01	0.0	0 0 -1 -0.5
συντρόφισσα	-1.21	0	-1 1 -1 -1
συντρόφισσα	-0.69	0.7071067811865476	0 1 -1 -1
σύντροφος	1.82	0.0	1 1 1 -1
σύντροφος	1.06	0.5773502691896257	0 1 1 -1
σύντροφος	1.06	0.5773502691896257	0 1 1 -1
συρφετός	-2.19	0	-1 0 -1 -1
συστέλλομαι	-1.91	0	-1 -1 -1 0
συστηματικός	2.08	0.5773502691896257	1 0 1 0
σφίγγω	-2.36	0	-1 -1 -1 -0.5
σφίξιμο	-2.81	0	-1 -1 -1 -1
σφόδρα	-0.1	0.0	0 0 0 0
σφουγγαρόπανο	-2.23	0	-1 -1 -1 0
σφυρίζω	-0.65	0.0	-0.5 0 -1 0
σφυροκοπώ	-1.33	0.0	-1 0 -1 0
σχετικός -ή -ό	2.23	0.5	1 0 1 1
σχηματικός	0.27	0.5773502691896257	1 0 -1 0
σχηματοποιώ	0.27	0.0	0 0 0 0
σχολαστικός	-0.69	0.7071067811865476	-1 0 -1 1
σωσίβιο	2.36	0.5	1 0 1 1
σώφρων -ων -ον	2.25	0.5	1 0 1 1
ταβερνείο	-1.48	0.0	-1 0 -1 0
ταβερνόβιος	-2.25	0	-1 -1 -1 -0.5
ταδόπουλος	-2.04	0	-1 0 -1 -1
ταλέντο	2.66	0.5	1 0 1 1
τάμα	0.91	0.5	0 0 0 1
τάξη	2.4	0.5	1 0 1 1
ταξιδάκι	3.08	0.5	1 0 1 1
ταξίδι	1.55	0.5	1 0 0 0
ταρατατζούμ	-1.31	0	-1 0 -1 -0.5
ταρίφα	-1.63	0	-1 0 -1 -0.5
ταρίφας	-2.12	0	-1 0 -1 -1
τάση	0.48	0.0	0 0 0 0
ταυτίζω	0.27	0.0	0 0 0 0
ταύτιση	0.27	0.0	0 0 0 0
τέλειος	3.36	0.5	1 0 1 1
τεμπελόσκυλο	-2.72	0	-1 -1 -1 -1
τενεκές	-2.34	0	-1 0 -1 -1
τέρμινο	-1.48	0.0	-1 0 -1 0
τέρψη	3.47	0.0	1 1 1 1
τερψιλαρύγγια	-0.95	0	-1 1 -1 -1
τέτοιος	-1.76	0.0	-1 0 -1 0
τεφτέρι	-1.61	0.0	-1 0 -1 0
τεχνηέντως	-1.82	0	-1 0 -1 -1
τεχνηέντως	-1.33	0.0	0 0 -1 -1
τεχνοκράτης	-1.44	0.0	-1 0 -1 0
τζιτζιφιόγκος	-2.61	0	-1 -1 -1 -1
τζοβαϊρι	3.17	0.0	1 1 1 1
τζόβενο	-2.08	0	-1 0 -1 -1
τζόβενο	-1.55	0.0	0 0 -1 -1
τηλεγραφόξυλο	-1.97	0	-1 -1 -1 0
τιτίζης	-1.97	0	-1 0 -1 -1
τομάρι	-2.98	0	-1 -1 -1 -1
τομάρι	-2.44	0	0 -1 -1 -1
τόνος 	0.27	0.0	0 0 0 0
τοποτηρητής	-1.72	0.0	-1 0 -1 0
τουβούλα	-2.42	0	-1 -1 -1 -1
τουβούλα	-1.93	0	0 -1 -1 -1
τουρκαλάς	-3.1	0	-1 -1 -1 -1
τουρκιά	-2.93	0	-1 -1 -1 -1
τουρκομερίτης	-2.83	0	-1 -1 -1 -1
τουρκομπαρόκ	-1.65	0.0	-1 0 -1 0
τουρκόσπορος	-3.13	0	-1 -1 -1 -1
τουρλώνω	-1.4	0.0	-1 0 -1 0
τράβηγμα	-1.38	0.0	-1 0 -1 0
τραβώ	-1.44	0.0	0 0 0 -1
τραγικός -ή -ό	-3.13	0	-1 -1 -1 -1
τραγογενής	-2.61	0	-1 0 -1 -1
τραγόπαπας	-2.72	0	-1 0 -1 -1
τράγος	-2.72	0	-1 0 -1 -1
τραλαλά	-1.16	0	-1 0 -1 -0.5
τραμπάκουλο	-2.14	0	-1 0 -1 -1
τρελάδικο	-1.97	0	-1 0 -1 -1
τρελογιατρός	-1.63	0	-1 0 -1 -0.5
τρελός -ή -ό	-0.61	0	-1 1 -1 -0.5
τρεμάμενος -η -ο	-2.57	0	-1 -0.5 -1 -1
τρέφω	1.01	0.5	1 0 0 0
τρίο	-1.82	0	-1 0 -1 -1
τριτοκοσμικός	-2.95	0	-1 -1 -1 -1
τρίχα	-2.08	0	-1 0 -1 -1
τριχοτόμηση	-0.8	0.0	0 0 -1 0
τρομάζω	-2.68	0	-1 -1 -1 -1
τρυγόνα	2.93	0.0	1 1 1 1
τρυγονάκι	2.95	0.0	1 1 1 1
τρυγόνι	2.68	0.5	1 1 1 0
τρύπα	-1.29	0.0	-1 0 -1 0
τρυπώ	-1.97	0	-1 -1 0 -1
τρυφερός -ή -ό	3.38	0.0	1 1 1 1
τρυφερότητα	3.38	0.0	1 1 1 1
τσαγκαροδευτέρα	-2.4	0	-1 -1 -1 -1
τσακίδια	-3.25	0	-1 -1 -1 -1
τσακίζω	-3.25	0	-1 -1 -1 -1
τσαρλατάνος	-2.08	0	-1 0 -1 -1
τσιγγαναριό	-2.93	0	-1 -1 -1 -1
τσιγγάνος	-2.23	0	-1 0 -1 -1
τσιμεντούπολη	-2.14	0	-1 0 -1 -1
τσιμπούκι	-2.08	0	-1 0 -1 -0.5
τσιράκι	-2.85	0	-1 -1 -1 -1
τσομπάνης	-2.25	0	-1 0 -1 -1
τσομπάνος	-2.25	0	-1 0 -1 -1
τσοπάνης	-2.25	0	-1 0 -1 -1
τσοπάνος	-2.25	0	-1 0 -1 -1
τσουλούφι	-1.44	0.0	-1 0 -1 0
τσούρμο	-1.8	0	-1 0 -1 -0.5
τσουτσέκι	-2.91	0	-1 -1 -1 -1
τυπικούρα	-2.12	0	-1 0 -1 -1
τυπικούρας	-2.12	0	-1 0 -1 -1
τυπολάτρης	-1.93	0	-1 0 -1 -1
τυποποίηση	-1.33	0.0	-1 0 -1 0
τυρόγαλο	-2.63	0	-1 -1 -1 -1
τύφλα	-1.74	0	-1 0 -1 -0.5
τυφλοσούρτης	-1.91	0	-1 0 -1 -1
τυφλώνω	-1.7	0	-1 -0.5 -1 -0.5
τυχεράκιας	2.76	0.5	1 0 1 1
τυχερός	2.29	0.5773502691896257	1 0 1 0.5
τυχερούλης	2.72	0.5	1 0 1 1
τύψη	-2.72	0	-1 -1 -1 -1
ύβρις	-2.81	0	-1 -1 -1 -1
ύμνος	2.98	0.0	1 1 1 1
ύπανδρος	-1.91	0	-1 0 -1 -1
υπάνθρωπος	-3.0	0	-1 -1 -1 -1
υπάνθρωπος	-2.44	0	0 -1 -1 -1
υπερηφάνεια	3.04	0.0	1 1 1 0.5
υπερηφανεύομαι	3.04	0.0	1 1 1 0.5
υπερήφανος -η -ο	3.08	0.0	1 1 1 0.5
υπεροχή	2.59	0.0	1 0.5 1 1
υπερφίαλος -η -ο	-2.57	0	-1 -1 -1 -1
υπεύθυνος -η -ο	2.23	0.5	1 0 1 1
υπευθυνότητα	2.23	0.5	1 0 1 1
υπνηλία	-1.61	0	-1 0 -1 -1
υπόβαθρο	1.55	0.5773502691896257	1 0 1 0
υποβάλλω	0.27	0.0	0 0 0 0
υποδέχομαι	1.78	0.5773502691896257	1 0 0.5 0
υποκείμενο	-2.04	0.0	-1 0 -1 0
υποκρίνομαι	-1.97	0	-1 0 -1 -1
υποκριτής	-2.19	0	-1 0 -1 -1
υπονοούμενο	-0.69	0.0	0 0 -1 0
υπόσταση	-0.05	0.0	0 0 0 0
υποφέρω	-2.72	0	-1 0 -1 -1
υποχρεώνω	-1.23	0.0	-1 0 -1 0
υποχρέωση	-1.23	0.0	-1 0 -1 0
υποχρεωτικός -ή -ό	-1.38	0.0	-1 0 -1 0
υποχωρώ	-1.23	0.0	-1 0 -1 0
υστερία	-2.89	0	-1 -1 -1 -1
υψηλόφρων -ων -ον	2.36	0.5	1 0 1 1
φαγουρίζω	0.27	0.0	0 0 0 0
φαίνομαι	0.27	0.0	0 0 0 0
φακιδιάρης	-2.59	0	-1 -1 -1 -1
φαντάζω	2.19	0.5773502691896257	1 0 1 0.5
φάρα	-2.91	0	-1 -1 -1 -1
φαρμακοτρίφτης	-2.59	0	-1 -1 -1 -1
φασισταριό	-3.42	0	-1 -1 -1 -1
φασιστοειδής	-3.0	0	-1 0 -1 -1
φασιστόμουτρο	-3.42	0	-1 -1 -1 -1
φερέφωνο	-2.51	0	-1 0 -1 -1
φθόνος	-3.34	0	-1 -1 -1 -1
φθονώ	-3.38	0	-1 -1 -1 -1
φίδι	-3.17	0	-1 -1 -1 -1
φιέστα	0.52	0.5773502691896257	0 1 -1 0
φιλανθρωπία	2.19	0.5773502691896257	1 0 1 0
φιλάνθρωπος -η -ο	2.34	0.5	1 0 1 1
φιλία	3.23	0.0	1 1 1 1
φιλμ	0.27	0.0	0 0 0 0
φιλοαμερικανικός -ή -ό	-2.08	0	-1 0 -1 -1
φιλοδωρώ	0.12	0.5773502691896257	1 0 -1 0
φιλολογίζων	-1.97	0	-1 0 -1 -1
φιλοξενώ	1.97	0.5773502691896257	1 0 1 0
φιλοπατρία	2.93	0.0	1 1 1 1
φίλος -η -ο	3.13	0.0	1 1 1 1
φιλοτομαρισμός	-2.25	0	-1 0 -1 -1
φιλοτομαριστής	-2.25	0	-1 0 -1 -1
φιόγκος	-2.74	0	-1 -1 -1 -1
φλέγμα 	-1.97	0	-1 -0.5 -1 -0.5
φλεγματικός -ή -ό	-1.97	0	-1 -0.5 -1 -0.5
φλέγομαι	-1.33	0	-1 -0.5 -1 0
φλογίζω	-1.5	0	-1 -0.5 -1 -0.5
φλόγισμα	-1.5	0	-1 -0.5 -1 -0.5
φοβάμαι	-2.89	0	-1 -1 -1 -1
φόβος	-2.89	0	-1 -1 -1 -1
φοιτηταριό	-2.53	0	-1 -1 -1 -1
φοιτητοπατέρας	-2.63	0	-1 -1 -1 -1
φοράδα	-3.02	0	-1 -1 -1 -1
φορτίζω	-1.7	0	-1 -0.5 -1 0
φορτίο	-1.4	0.0	-1 0 -1 0
φόρτιση	-1.97	0	-1 -0.5 -1 -0.5
φουκαράς	-2.7	0	-1 -1 -1 -1
φουκαρατζίκος	-2.63	0	-1 -1 -1 -1
φούντωση	-2.04	0	-1 -0.5 -1 -0.5
φουσκοδεντριά	-1.7	0	-1 0 -1 -1
φουσκωμάρα	-1.63	0	-1 0 -1 -0.5
φουστανέλα	-1.55	0.0	-1 0 -1 0
φραγκόπαπας	-2.63	0	-1 -1 -1 -1
φρεναπάτη	-1.76	0	-1 0 -1 -1
φρενίτιδα	-0.42	0	-1 1 -1 -0.5
φρεσκάδα	3.17	0.0	1 1 1 1
φρίκη	-3.32	0	-1 -1 -1 -1
φρικιάζω	-3.42	0	-1 -1 -1 -1
φρίττω	-3.13	0	-1 -1 -1 -1
φρόκαλο	-2.83	0	-1 -1 -1 -1
φρόνημα	1.4	0.5773502691896257	1 0 0.5 0
φρούτο	-2.02	0	-1 0 -1 -1
φτου	-2.7	0	-1 -0.5 -1 -1
φτωχαδάκι	-0.52	0.7071067811865476	-1 0 1 -1
φτωχός	-2.14	0	-1 0 -1 -1
φυλλάδα	-2.08	0	-1 0 -1 -1
φώκια	-2.85	0	-1 -1 -1 -1
φωλιάζω	-1.14	0.0	-0.5 0 -1 0
φωνή	0.27	0.0	0 0 0 0
φωστήρας	-1.4	0	-0.5 0 -1 -0.5
φωτίζω	1.7	0.7071067811865476	0.5 1 0.5 0
φωτορομάντσο	-1.5	0.0	-1 0 -1 0
χάδι	3.15	0.0	1 1 1 1
χαζοβιόλα	-2.36	0	-1 0 -1 -1
χαζοβιόλης	-2.36	0	-1 0 -1 -1
χαζοκούτι	-2.29	0	-1 0 -1 -1
χαζοπούλι	-2.29	0	-1 0 -1 -1
χαζούλιακας	-2.14	0	-1 0 -1 -1
χαζοχαρούμενος	-2.23	0	-1 0 -1 -1
χαϊμαλί	-1.97	0	-1 0 -1 -1
χαιρεκακία	-1.55	0	-1 1 -1 -1
χαιρέτημα	-1.72	0	-1 0 -1 -1
χαιρέτισμα	-1.72	0	-1 0 -1 -1
χαιρετισμός	-1.33	0.0	-1 0 -1 0
χαιρετούρα	-1.87	0	-1 0 -1 -1
χαίρομαι	3.85	0.0	1 1 1 1
χαίτη	-0.54	0.0	-0.5 0 -1 0
χαλάζι	-1.29	0.0	-1 0 -1 0
χάλι	-3.49	0	-1 -1 -1 -1
χαμάλης	-2.85	0	-1 -1 -1 -1
χαμάλης	-2.08	0	0 -1 -1 -1
χαμηλοβλεπούσα	-2.55	0	-1 -1 -1 -1
χαμογελώ	3.45	0.0	1 1 1 1
χαμομήλι	-0.8	0.0	0 0 -1 0
χαμόμηλο	-0.8	0.0	0 0 -1 0
χαμουτζής	-2.59	0	-1 -1 -1 -1
χάνι	-2.23	0	-1 -1 -1 0
χαντούμης	-2.7	0	-1 -1 -1 -1
χαπάκιας	-2.81	0	-1 -1 -1 -1
χάπι εντ	3.04	0.0	1 1 0.5 1
χαρά	3.7	0.0	1 1 1 1
χάρβαλο	-2.59	0	-1 -1 -1 -1
χαρέμι	-1.23	0	-1 0 -1 -0.5
χάρη	2.93	0.0	1 1 1 1
χαρίζω	2.36	0.5	1 0 1 1
χαριτόβρυτος	-1.21	0	-1 1 -1 -1
χαρμολύπη	0.67	0.0	0 0 0 0
χαρτο-	-1.4	0.0	-1 0 -1 0
χαρτοβαασίλειο	-1.82	0	-1 0 -1 -1
χαρτοβασίλειο	-1.82	0	-1 0 -1 -1
χαρτογιακάς	-2.29	0	-1 0 -1 -1
χαρτομάνι	-1.97	0	-1 0 -1 -1
χαρτόμουτρο	-2.14	0	-1 0 -1 -1
χαρτοπόλεμος	-1.76	0	-1 0 -1 -1
χασάπης	-2.76	0	-1 0 -1 -1
χασίκλας	-3.13	0	-1 -1 -1 -1
χασικλής	-3.13	0	-1 -1 -1 -1
χαχόλος	-2.29	0	-1 0 -1 -1
χεζάς	-2.98	0	-1 0 -1 -1
χέζας	-2.98	0	-1 0 -1 -1
χεζού	-2.98	0	-1 0 -1 -1
χειραγωγώ	-2.25	0	-1 0 -1 -1
χειροκροτητής	-2.7	0	-1 -1 -1 -1
χιλιάκριβος	3.38	0.0	1 1 1 1
χιούμορ	3.15	0.0	1 1 1 0.5
χοντρέλα	-2.83	0	-1 -1 -1 -1
χοντρομπαλάδικο	-2.63	0	-1 -1 -1 -1
χοντρομπαλάς	-2.74	0	-1 -1 -1 -1
χοντρομπαλού	-2.74	0	-1 -1 -1 -1
χοντρομπαλούδικο	-2.7	0	-1 -1 -1 -1
χοντρόπετσος	-2.36	0	-1 -1 -1 -0.5
χορεύω	3.15	0.5	1 1 1 0
χορταίνω	2.51	0.5	1 1 1 0
χορταστικός -ή -ό	3.02	0.0	1 1 1 1
χρησιμοποιούμαι	-2.25	0	-1 0 -1 -1
χρησιμοποιώ	-0.65	0.0	-0.5 0 -1 0
χρίζω	0.37	0.0	0 0 0 0
χρίω	0.37	0.0	0 0 0 0
χρυσαφικό	-1.18	0.0	-1 0 -1 0
χρυσίο	-1.7	0	-1 0 -1 -1
χρυσοκάνθαρος	-2.68	0	-1 -1 -1 -1
χρωματίζω	0.69	0.5773502691896257	1 0 -1 0
χτυπώ	-1.97	0	-1 -1 -1 0
χυδαϊσμός	-2.61	0	-1 -1 -1 -1
χυδαϊστής	-2.72	0	-1 -1 -1 -1
χωριατάκι	-2.27	0	-1 -0.5 -1 -1
χωριάτης	-2.81	0	-1 -1 -1 -1
χωριατιά	-2.81	0	-1 -1 -1 -1
χωριάτικος	-1.65	0.0	-1 0 -1 0
χωριάτισσα	-2.72	0	-1 -1 -1 -1
χωριατομάνι	-2.7	0	-1 -1 -1 -1
χωρώ	0.27	0.0	0 0 0 0
ψάρι	-2.14	0	-1 -1 -1 0
ψαροκασέλα	-2.29	0	-1 -1 -1 0
ψείρα	-2.12	0	-1 0 -1 -1
ψειριάρης	-2.85	0	-1 -1 -1 -1
ψευδαίσθηση	-1.48	0	-1 0 -1 -0.5
ψευδαισθησία	-1.48	0	-1 0 -1 -0.5
ψευδαισθητικός -ή -ό	-1.48	0	-1 0 -1 -0.5
ψευτοκουλτουριάρης	-2.51	0	-1 -1 -1 -1
ψηλώνω	1.7	0.5773502691896257	1 -1 1 0
ψιλικατζής	-2.44	0	-1 -1 -1 -1
ψιλικατζίδικο	-0.59	0.0	0 0 0 -1
ψιλικατζού	-2.44	0	-1 -1 -1 -1
ψιμύθιο	-1.4	0.0	0 0 -1 -1
ψοφο-	-1.87	0.0	-1 0 -1 0
ψοφολογώ	-2.68	0	-1 -1 -1 -1
ψυλλιάζομαι	-1.59	0	-1 0 -1 -0.5
ψυχάκιας	-2.51	0	-1 0 -1 -1
ψυχανεμίζομαι	-1.33	0.0	-1 0 -1 0
ψυχανώμαλος	-2.87	0	-1 0 -1 -1
ψυχεδέλεια	2.55	0.5773502691896257	1 0 1 0.5
ψυχεδελικός -ή -ό	2.55	0.5773502691896257	1 0 1 0.5
ψυχή	2.66	0.5773502691896257	1 0 1 0
ψυχολογία	0.42	0.0	0 0 0 0
ψυχολόγος	0.22	0.0	0 0 0 0
ψυχολογώ	-0.05	0.0	0 0 0 0
ψυχοπλάκωμα	-2.95	0	-1 -1 -1 -1
ψυχοπλακώνω	-2.95	0	-1 -1 -1 -1
ψυχοπονώ	-2.46	0	-1 -1 -1 -0.5
ψυχοσύνθεση	0.27	0.0	0 0 0 0
ψυχρός -ή -ό	-2.68	0	-1 -1 -1 -1
ψυχρότητα	-2.83	0	-1 -1 -1 -1
ψωλαράς	-2.02	0	-1 0 -1 -0.5
ψωλή	-1.97	0	-1 0 -1 -0.5
ψωμάκι	0.27	0.0	0 0 0 0
ψωμί	-0.05	0.0	0 0 0 0
ψωμόλυσσα	-2.4	0	-1 0 -1 -1
ψωνάρα	-2.72	0	-1 -1 -1 -1
ψώνιο	-2.63	0	-1 -1 -1 -1
ψωνισμένος	-2.7	0	-1 -1 -1 -1
ψωριάρης	-2.91	0	-1 -1 -1 -1
ψωρίλας	-3.04	0	-1 -1 -1 -1
ψωρίλος	-3.04	0	-1 -1 -1 -1
ψωροκακόμοιρος	-2.81	0	-1 -1 -1 -1
ψωροκακόμοιρος -η -ο	-2.81	0	-1 -1 -1 -1
ψωροπερήφανος	-2.61	0	-1 -1 -1 -1
ψωροφιλότιμος	-2.68	0	-1 -1 -1 -1
ωμός -ή -ό	-2.19	0	-1 -1 -1 0
ωραίος	3.45	0.0	1 1 1 1
ωραίος -α -ο	2.68	0.5	0 1 1 1
ωρύομαι	-3.23	0	-1 -1 -1 -1
ωσάν	-0.59	0.0	0 0 -1 0
ωτακουστής	-1.72	0.0	-1 0 -1 0
ωχριώ	-2.23	0	-1 0 -1 -1
